  0.173944565441922E+002  0.671392572538064E+002 -0.279425075237111E+000  0.340261091473476E+000 -0.421473109286410E-001 -0.144425179360197E+002 -0.701483170485024E+003 -0.701483170485024E+003 -0.701936451524159E+003
  0.167436679816335E+002  0.678333324112087E+002 -0.278611426175098E+000  0.338178658660321E+000 -0.392345311766036E-001 -0.144425179360197E+002 -0.701723365131704E+003 -0.701723365131704E+003 -0.701946825516042E+003
  0.317281618271038E+001  0.646175312301328E+002 -0.305420419884781E+000  0.335001904651983E+000 -0.802435722230754E-002 -0.144425179360197E+002 -0.701685669546655E+003 -0.701685669546655E+003 -0.702041477843971E+003
  0.317149483695493E+001  0.646167936719838E+002 -0.305371459489686E+000  0.334999059682623E+000 -0.806855457326350E-002 -0.144425179360197E+002 -0.701762268972942E+003 -0.701762268972942E+003 -0.702141524523371E+003
  0.338403184906529E+001  0.617857875010438E+002 -0.276250841153673E+000  0.350207576358006E+000 -0.628631239350259E-001 -0.144425179360197E+002 -0.701517397821665E+003 -0.701517397821665E+003 -0.701789744433345E+003
  0.331311326414991E+001  0.615768789584258E+002 -0.275425896146172E+000  0.350510811925041E+000 -0.641961972655380E-001 -0.144425179360197E+002 -0.701430572931634E+003 -0.701430572931634E+003 -0.702007802839542E+003
  0.342547413416647E+001  0.616401630151292E+002 -0.278953040683891E+000  0.349300248397157E+000 -0.586475536155291E-001 -0.144425179360197E+002 -0.701418495145843E+003 -0.701418495145843E+003 -0.702111590110303E+003
  0.341490707506728E+001  0.617914872185734E+002 -0.276029446513219E+000  0.350251380247951E+000 -0.631526432343001E-001 -0.144425179360197E+002 -0.701641997929411E+003 -0.701641997929411E+003 -0.701789744433345E+003
  0.341945396598902E+001  0.618323931509458E+002 -0.276050911960622E+000  0.350300101360829E+000 -0.632197358172455E-001 -0.144425179360197E+002 -0.701685468300611E+003 -0.701685468300611E+003 -0.702005607965994E+003
  0.326832943390086E+001  0.615536345415859E+002 -0.275321020602197E+000  0.350420223480032E+000 -0.641315812057393E-001 -0.144425179360197E+002 -0.701692898117050E+003 -0.701692898117050E+003 -0.701789744433345E+003
  0.343201457663766E+001  0.616731025292185E+002 -0.279426696636260E+000  0.349418374669803E+000 -0.584030781349245E-001 -0.144425179360197E+002 -0.701535128169252E+003 -0.701535128169252E+003 -0.701789744433345E+003
  0.346326020278510E+001  0.619130441613578E+002 -0.276209101112475E+000  0.350237265163487E+000 -0.629559404376892E-001 -0.144425179360197E+002 -0.701623123479150E+003 -0.701623123479150E+003 -0.701692898117050E+003
  0.695524738383872E+001  0.659639251415062E+002 -0.292104595550092E+000  0.348460068449921E+000 -0.442366031293187E-001 -0.144425179360197E+002 -0.701758479150055E+003 -0.701758479150055E+003 -0.701835605743790E+003
  0.695126488866288E+001  0.659689030517022E+002 -0.292091918214860E+000  0.348471895874825E+000 -0.442710605212362E-001 -0.144425179360197E+002 -0.701194923394297E+003 -0.701194923394297E+003 -0.701781513138492E+003
  0.731786165920084E+001  0.656636800238686E+002 -0.321626722060661E+000  0.347979502300815E+000 -0.123693375653477E-001 -0.144425179360197E+002 -0.701527685777556E+003 -0.701527685777556E+003 -0.702367239324799E+003
  0.695380967221927E+001  0.659680060288646E+002 -0.292096659239526E+000  0.348465488676495E+000 -0.442543547538605E-001 -0.144425179360197E+002 -0.701678018920224E+003 -0.701678018920224E+003 -0.701835605743790E+003
  0.698429905436398E+001  0.659567977383211E+002 -0.291866981356337E+000  0.348321790812662E+000 -0.442346356582615E-001 -0.144425179360197E+002 -0.701656249906810E+003 -0.701656249906810E+003 -0.701835605743790E+003
  0.699054251108680E+001  0.659521591355119E+002 -0.291848501217918E+000  0.348303981619800E+000 -0.442216617841744E-001 -0.144425179360197E+002 -0.701771844343618E+003 -0.701771844343618E+003 -0.701835605743790E+003
  0.696586152943252E+001  0.659591348518364E+002 -0.291990007585924E+000  0.348374524909145E+000 -0.442035757281154E-001 -0.144425179360197E+002 -0.701419808106869E+003 -0.701419808106869E+003 -0.701835605743790E+003
  0.731797756940761E+001  0.656633975273122E+002 -0.321630236797994E+000  0.347978630153126E+000 -0.123641144189008E-001 -0.144425179360197E+002 -0.701444277180057E+003 -0.701444277180057E+003 -0.701835605743790E+003
  0.699564877681250E+001  0.659486201149819E+002 -0.291822960112144E+000  0.348293257842633E+000 -0.442288376114597E-001 -0.144425179360197E+002 -0.701718108177727E+003 -0.701718108177727E+003 -0.701835605743790E+003
  0.695798735399950E+001  0.659658673044197E+002 -0.292054968631278E+000  0.348451855339745E+000 -0.442731153191076E-001 -0.144425179360197E+002 -0.701386678217807E+003 -0.701386678217807E+003 -0.701835605743790E+003
  0.695495039766797E+001  0.659685574910890E+002 -0.292082034247277E+000  0.348458294013792E+000 -0.442563204868520E-001 -0.144425179360197E+002 -0.701727282197807E+003 -0.701727282197807E+003 -0.701771844343618E+003
  0.596403162612652E+001  0.651531250624030E+002 -0.320023957376923E+000  0.349177932221786E+000 -0.160906004969501E-001 -0.144425179360197E+002 -0.701528912422124E+003 -0.701528912422124E+003 -0.703633641313637E+003
  0.592949979411607E+001  0.641640630704705E+002 -0.316430110637332E+000  0.351058843247629E+000 -0.231336698496918E-001 -0.144425179360197E+002 -0.701451708367859E+003 -0.701451708367859E+003 -0.702390346714704E+003
  0.554015593684641E+001  0.650492216840261E+002 -0.318129507621806E+000  0.350304060423068E+000 -0.200228125010540E-001 -0.144425179360197E+002 -0.701692585484370E+003 -0.701692585484370E+003 -0.702051663131526E+003
  0.567380026623375E+001  0.654016252367976E+002 -0.319322962109782E+000  0.349984380360130E+000 -0.181870086307985E-001 -0.144425179360197E+002 -0.701370817799762E+003 -0.701370817799762E+003 -0.701972730927054E+003
  0.557107613477084E+001  0.648699354400747E+002 -0.320114893707344E+000  0.349082277537907E+000 -0.158336058855095E-001 -0.144425179360197E+002 -0.701647153564375E+003 -0.701647153564375E+003 -0.702492383379607E+003
  0.543038809719926E+001  0.650924248436298E+002 -0.317416906818463E+000  0.350826169125376E+000 -0.216678795001517E-001 -0.144425179360197E+002 -0.701555592258169E+003 -0.701555592258169E+003 -0.702162228009343E+003
  0.579130230225849E+001  0.650151490444731E+002 -0.316622778563374E+000  0.351063402010945E+000 -0.229301278398815E-001 -0.144425179360197E+002 -0.701757781614179E+003 -0.701757781614179E+003 -0.701811642344764E+003
  0.590844546452563E+001  0.663839682656782E+002 -0.324082917293569E+000  0.347646035253097E+000 -0.912543028430157E-002 -0.144425179360197E+002 -0.701406440392776E+003 -0.701406440392776E+003 -0.702222149547012E+003
  0.558759736434113E+001  0.651761983700554E+002 -0.317319078876574E+000  0.350888517261684E+000 -0.218785879377812E-001 -0.144425179360197E+002 -0.701250670095427E+003 -0.701250670095427E+003 -0.702222149547012E+003
  0.568102884799590E+001  0.652245780056880E+002 -0.317137769573382E+000  0.350842598482410E+000 -0.220007569195921E-001 -0.144425179360197E+002 -0.701428596930906E+003 -0.701428596930906E+003 -0.702051663131526E+003
  0.574078328274669E+001  0.657893908223597E+002 -0.319282173777835E+000  0.349961077527205E+000 -0.181933758742918E-001 -0.144425179360197E+002 -0.701332771256434E+003 -0.701332771256434E+003 -0.701972730927054E+003
  0.593349820807573E+001  0.663372599643955E+002 -0.323480770034918E+000  0.347850905842733E+000 -0.101219704886564E-001 -0.144425179360197E+002 -0.701194057017440E+003 -0.701194057017440E+003 -0.701972730927054E+003
  0.591976687875298E+001  0.641842701728932E+002 -0.316579003574961E+000  0.351004163371997E+000 -0.228801387200015E-001 -0.144425179360197E+002 -0.701317564516133E+003 -0.701317564516133E+003 -0.701811642344764E+003
  0.573989356340996E+001  0.643568524331778E+002 -0.317476216429482E+000  0.350282682405217E+000 -0.207022482178445E-001 -0.144425179360197E+002 -0.701669125719314E+003 -0.701669125719314E+003 -0.701842948514821E+003
  0.582540671823150E+001  0.650242930586031E+002 -0.316321359678092E+000  0.351045623052091E+000 -0.232300627872029E-001 -0.144425179360197E+002 -0.701719691723896E+003 -0.701719691723896E+003 -0.701842948514821E+003
  0.597001596222553E+001  0.651531781226092E+002 -0.316943008571092E+000  0.350535724125529E+000 -0.217040436269720E-001 -0.144425179360197E+002 -0.701754985836297E+003 -0.701754985836297E+003 -0.701757781614179E+003
  0.590808245455572E+001  0.663911414859017E+002 -0.324121057701308E+000  0.347633231017539E+000 -0.906259340565185E-002 -0.144425179360197E+002 -0.701403618907581E+003 -0.701403618907581E+003 -0.701757781614179E+003
  0.584225469473177E+001  0.631793410459800E+002 -0.288819272597151E+000  0.346934280946880E+000 -0.448467893323539E-001 -0.144425179360197E+002 -0.701367998620715E+003 -0.701367998620715E+003 -0.703410199793548E+003
  0.499147109706243E+001  0.639381088336465E+002 -0.256821312509704E+000  0.337793117509722E+000 -0.577250298574334E-001 -0.144425179360197E+002 -0.701748625959532E+003 -0.701748625959532E+003 -0.702001736475547E+003
  0.498876540059858E+001  0.639324682444461E+002 -0.256806575082113E+000  0.337859339769660E+000 -0.578586613509025E-001 -0.144425179360197E+002 -0.701749644343675E+003 -0.701749644343675E+003 -0.702217677169413E+003
  0.498875941382815E+001  0.639327054958498E+002 -0.256806006106898E+000  0.337857025733447E+000 -0.578549271717037E-001 -0.144425179360197E+002 -0.701657670517917E+003 -0.701657670517917E+003 -0.701779934272984E+003
  0.498875316583828E+001  0.639324639343026E+002 -0.256806074695995E+000  0.337859343885776E+000 -0.578591339406636E-001 -0.144425179360197E+002 -0.701545934143345E+003 -0.701545934143345E+003 -0.701904597040770E+003
  0.498872507758208E+001  0.639324314977707E+002 -0.256806148017076E+000  0.337859986492061E+000 -0.578602386097398E-001 -0.144425179360197E+002 -0.701619963414560E+003 -0.701619963414560E+003 -0.702001736475547E+003
  0.465996277768003E+001  0.639699646180907E+002 -0.258662576473400E+000  0.338438923732208E+000 -0.573546496502324E-001 -0.144425179360197E+002 -0.701748229615387E+003 -0.701748229615387E+003 -0.701946757398970E+003
  0.466637454111178E+001  0.639801989503549E+002 -0.258659786884865E+000  0.338434343334285E+000 -0.573486736696598E-001 -0.144425179360197E+002 -0.701694805529090E+003 -0.701694805529090E+003 -0.701886142308332E+003
 -0.149712175340180E+002  0.634249501663616E+002 -0.297174515574042E+000  0.339887511422185E+000 -0.244277730971412E-001 -0.144425179360197E+002 -0.701507870288656E+003 -0.701507870288656E+003 -0.701966720893065E+003
 -0.144038240413073E+002  0.635221815066970E+002 -0.289932602529705E+000  0.348136694237495E+000 -0.458432546667851E-001 -0.144425179360197E+002 -0.701740617488996E+003 -0.701740617488996E+003 -0.702652302845632E+003
 -0.145434434739828E+002  0.638800409475592E+002 -0.300456223195983E+000  0.344220912961175E+000 -0.284954242185957E-001 -0.144425179360197E+002 -0.701587560671374E+003 -0.701587560671374E+003 -0.701966720893065E+003
 -0.158247305230243E+002  0.638584989934692E+002 -0.280253688968489E+000  0.348110614134892E+000 -0.552723449617183E-001 -0.144425179360197E+002 -0.701518326312393E+003 -0.701518326312393E+003 -0.702219948098458E+003
 -0.146446054428633E+002  0.637884728085243E+002 -0.298635358001739E+000  0.344259636860884E+000 -0.304088816472579E-001 -0.144425179360197E+002 -0.701588121841137E+003 -0.701588121841137E+003 -0.702456067979615E+003
 -0.145602861728219E+002  0.638499554090305E+002 -0.300439793174684E+000  0.343809261327428E+000 -0.278118715365050E-001 -0.144425179360197E+002 -0.701753013471889E+003 -0.701753013471889E+003 -0.702036927472861E+003
 -0.152098243751695E+002  0.634829375386505E+002 -0.277149314050946E+000  0.351512391168079E+000 -0.643538560473473E-001 -0.144425179360197E+002 -0.701450673455979E+003 -0.701450673455979E+003 -0.702219948098458E+003
 -0.145519353018446E+002  0.638840677830066E+002 -0.300319908726715E+000  0.344221978604001E+000 -0.286352617852188E-001 -0.144425179360197E+002 -0.701730835608820E+003 -0.701730835608820E+003 -0.701831517601562E+003
 -0.146547860582774E+002  0.637829354627871E+002 -0.298533946728122E+000  0.344272718602809E+000 -0.305336219750370E-001 -0.144425179360197E+002 -0.701629916583704E+003 -0.701629916583704E+003 -0.701850916327930E+003
 -0.143982085225524E+002  0.635258876169935E+002 -0.290035623298590E+000  0.348016427258585E+000 -0.455326739904631E-001 -0.144425179360197E+002 -0.701271428790847E+003 -0.701271428790847E+003 -0.701831517601562E+003
 -0.149715349766096E+002  0.634257319491094E+002 -0.297206044995860E+000  0.339889170732203E+000 -0.243989420288333E-001 -0.144425179360197E+002 -0.701703315133661E+003 -0.701703315133661E+003 -0.701753013471889E+003
 -0.193572058890488E+002  0.631297701898438E+002 -0.262698977570698E+000  0.352458297434007E+000 -0.796027340382501E-001 -0.144425179360197E+002 -0.701750852554452E+003 -0.701750852554452E+003 -0.702844179414133E+003
 -0.191917191679990E+002  0.631732959600912E+002 -0.263096369726857E+000  0.353148774485792E+000 -0.805203324986863E-001 -0.144425179360197E+002 -0.701735544679036E+003 -0.701735544679036E+003 -0.702166754152658E+003
 -0.194908625547392E+002  0.626277480182716E+002 -0.267055504647824E+000  0.350055213738401E+000 -0.711948989273399E-001 -0.144425179360197E+002 -0.701441831880784E+003 -0.701441831880784E+003 -0.702087251092091E+003
 -0.193328932237424E+002  0.633426932497576E+002 -0.261953236569709E+000  0.352181130502799E+000 -0.797659217821032E-001 -0.144425179360197E+002 -0.701694152295281E+003 -0.701694152295281E+003 -0.701893312099534E+003
 -0.191914162050051E+002  0.633385491681080E+002 -0.265918335905746E+000  0.351423904722546E+000 -0.747513277564096E-001 -0.144425179360197E+002 -0.701623734830163E+003 -0.701623734830163E+003 -0.701893312099534E+003
 -0.192276352564266E+002  0.631954780179163E+002 -0.262858238896263E+000  0.352757129991237E+000 -0.800115905270573E-001 -0.144425179360197E+002 -0.701748610073628E+003 -0.701748610073628E+003 -0.701750852554452E+003
 -0.185767790540954E+002  0.640771456117628E+002 -0.278734203044181E+000  0.343281912903178E+000 -0.481336241737989E-001 -0.144425179360197E+002 -0.701249487469584E+003 -0.701249487469584E+003 -0.702528070081264E+003
 -0.185969964535703E+002  0.641119392132187E+002 -0.279167126122332E+000  0.343610231394783E+000 -0.483077425140763E-001 -0.144425179360197E+002 -0.701566839956089E+003 -0.701566839956089E+003 -0.702244914342476E+003
 -0.187565876271327E+002  0.640468179015494E+002 -0.278216620995784E+000  0.343180311107276E+000 -0.484378027561139E-001 -0.144425179360197E+002 -0.701681545755689E+003 -0.701681545755689E+003 -0.702571377894674E+003
 -0.186301572921125E+002  0.640434360789559E+002 -0.279121510937663E+000  0.343610058745708E+000 -0.483511196209871E-001 -0.144425179360197E+002 -0.701264247437816E+003 -0.701264247437816E+003 -0.701905709576571E+003
 -0.187352943799233E+002  0.640614930540128E+002 -0.278933325555928E+000  0.342938837952012E+000 -0.473374168347647E-001 -0.144425179360197E+002 -0.701665124315008E+003 -0.701665124315008E+003 -0.702107319035301E+003
 -0.183452037916097E+002  0.641817174251727E+002 -0.278826876745094E+000  0.342961540956079E+000 -0.474786133706253E-001 -0.144425179360197E+002 -0.701316682099017E+003 -0.701316682099017E+003 -0.701823635067447E+003
 -0.182094259027152E+002  0.642424335412419E+002 -0.281211170921047E+000  0.343853825371721E+000 -0.468036382148522E-001 -0.144425179360197E+002 -0.701759283935496E+003 -0.701759283935496E+003 -0.701994573057913E+003
 -0.187858262586084E+002  0.640003295133714E+002 -0.278640804820242E+000  0.342365431368520E+000 -0.465971855711054E-001 -0.144425179360197E+002 -0.701071213399105E+003 -0.701071213399105E+003 -0.702107319035301E+003
 -0.187483179048171E+002  0.640053001884028E+002 -0.278400102126268E+000  0.342392130777443E+000 -0.468679540484533E-001 -0.144425179360197E+002 -0.701764389776087E+003 -0.701764389776087E+003 -0.702068189358956E+003
 -0.185496192618755E+002  0.641573267030955E+002 -0.280345417963915E+000  0.343122065478989E+000 -0.463323007953669E-001 -0.144425179360197E+002 -0.701517762091231E+003 -0.701517762091231E+003 -0.701994573057913E+003
 -0.181285417239055E+002  0.620850274386957E+002 -0.278480946752116E+000  0.343656905440938E+000 -0.490357572142965E-001 -0.144425179360197E+002 -0.701731909195614E+003 -0.701731909195614E+003 -0.701778156901607E+003
 -0.184655592565040E+002  0.620960369356525E+002 -0.277764262901181E+000  0.343286284375196E+000 -0.490498297928781E-001 -0.144425179360197E+002 -0.701708293141899E+003 -0.701708293141899E+003 -0.701778156901607E+003
 -0.183645852777470E+002  0.621789420579848E+002 -0.276769683047644E+000  0.342330474868500E+000 -0.482786992654702E-001 -0.144425179360197E+002 -0.701744569335669E+003 -0.701744569335669E+003 -0.701778156901607E+003
 -0.182359237307022E+002  0.621127439493199E+002 -0.278271801361660E+000  0.343431386705010E+000 -0.488327810825115E-001 -0.144425179360197E+002 -0.701426087101619E+003 -0.701426087101619E+003 -0.701778156901607E+003
 -0.182578919563751E+002  0.621661154590022E+002 -0.278295094130274E+000  0.343123625345806E+000 -0.482649339777037E-001 -0.144425179360197E+002 -0.701248384038945E+003 -0.701248384038945E+003 -0.701778156901607E+003
 -0.497638646045450E+001  0.639678811382102E+002 -0.283681067595227E+000  0.354889643428763E+000 -0.640227638710051E-001 -0.144425179360197E+002 -0.701685209772346E+003 -0.701685209772346E+003 -0.701932496419196E+003
 -0.441181352000110E+001  0.635902650260922E+002 -0.281003796518529E+000  0.354206306727340E+000 -0.654499176941137E-001 -0.144425179360197E+002 -0.701693440704228E+003 -0.701693440704228E+003 -0.701932496419196E+003
 -0.439429646686043E+001  0.635725617363467E+002 -0.281013507199364E+000  0.354254374470480E+000 -0.655271409923426E-001 -0.144425179360197E+002 -0.701611059104889E+003 -0.701611059104889E+003 -0.701693440704228E+003
 -0.446586352909224E+001  0.635421685425200E+002 -0.281062509463947E+000  0.354630054974930E+000 -0.661540887258223E-001 -0.144425179360197E+002 -0.701630633823252E+003 -0.701630633823252E+003 -0.701693440704228E+003
 -0.946361321674379E+001  0.637321391166068E+002 -0.276535155307479E+000  0.338626787800042E+000 -0.419311114456917E-001 -0.144425179360197E+002 -0.701662886551415E+003 -0.701662886551415E+003 -0.701954544308163E+003
 -0.943538206534010E+001  0.638226527968502E+002 -0.276387695653928E+000  0.338108508415309E+000 -0.411499751989179E-001 -0.144425179360197E+002 -0.701748269599840E+003 -0.701748269599840E+003 -0.704602610375778E+003
 -0.943017437995796E+001  0.638387197321209E+002 -0.276363040884756E+000  0.338060677916044E+000 -0.410883113822731E-001 -0.144425179360197E+002 -0.701602494289732E+003 -0.701602494289732E+003 -0.702172845620032E+003
 -0.947648894798700E+001  0.637263152784730E+002 -0.276545705136040E+000  0.338669706793942E+000 -0.419974228678193E-001 -0.144425179360197E+002 -0.701610433633468E+003 -0.701610433633468E+003 -0.701954544308163E+003
 -0.101808415389393E+002  0.636898991010562E+002 -0.290170393155861E+000  0.345509515746007E+000 -0.410264168190455E-001 -0.144425179360197E+002 -0.701413126784680E+003 -0.701413126784680E+003 -0.703306435492168E+003
 -0.945452916904442E+001  0.638064559563221E+002 -0.276437090616617E+000  0.338243557521613E+000 -0.413434660173788E-001 -0.144425179360197E+002 -0.701730560688678E+003 -0.701730560688678E+003 -0.701857064836464E+003
 -0.940886250914269E+001  0.638306682773056E+002 -0.276330287228839E+000  0.338026442479840E+000 -0.410580171739312E-001 -0.144425179360197E+002 -0.701308811408796E+003 -0.701308811408796E+003 -0.701825832542251E+003
 -0.954440138302840E+001  0.638228620787175E+002 -0.276365798748629E+000  0.338316713353509E+000 -0.415378780309759E-001 -0.144425179360197E+002 -0.701728008867296E+003 -0.701728008867296E+003 -0.702172845620032E+003
 -0.941106165120782E+001  0.638317107450198E+002 -0.276330147232804E+000  0.338026478257287E+000 -0.410582733188090E-001 -0.144425179360197E+002 -0.701110923923853E+003 -0.701110923923853E+003 -0.701857064836464E+003
 -0.986357703479038E+001  0.641551882674230E+002 -0.289584567659158E+000  0.344638438883065E+000 -0.400879278927508E-001 -0.144425179360197E+002 -0.701394801770508E+003 -0.701394801770508E+003 -0.701954544308163E+003
 -0.945140881180177E+001  0.637320359545353E+002 -0.276529099660854E+000  0.338618083207552E+000 -0.419215269410582E-001 -0.144425179360197E+002 -0.701523891612726E+003 -0.701523891612726E+003 -0.701857064836464E+003
 -0.127474803056527E+002  0.628754526794909E+002 -0.285877091578410E+000  0.342839403203290E+000 -0.405584518370325E-001 -0.144425179360197E+002 -0.701417146534431E+003 -0.701417146534431E+003 -0.702078265836086E+003
 -0.130555854269962E+002  0.635138773793253E+002 -0.287096779307528E+000  0.342686740849276E+000 -0.391131389056305E-001 -0.144425179360197E+002 -0.701769152850281E+003 -0.701769152850281E+003 -0.702172845620032E+003
 -0.127436475646867E+002  0.628786664916177E+002 -0.285840115701143E+000  0.342834824198150E+000 -0.405851531976626E-001 -0.144425179360197E+002 -0.701684076105278E+003 -0.701684076105278E+003 -0.701769152850281E+003
 -0.130612573068440E+002  0.635948624743843E+002 -0.287482051234305E+000  0.342561149904536E+000 -0.385220873940284E-001 -0.144425179360197E+002 -0.701702060799977E+003 -0.701702060799977E+003 -0.701769152850281E+003
 -0.128155351671315E+002  0.629558969814884E+002 -0.287137467991650E+000  0.342501123805893E+000 -0.387515552704105E-001 -0.144425179360197E+002 -0.701599482902297E+003 -0.701599482902297E+003 -0.701769152850281E+003
