  0.100000000000000E+001  0.141453291039056E+004  0.985766240582785E+001  0.681490153083381E+002 -0.359423136454124E+000  0.337550452119410E+000  0.554407908881878E-001 -0.144425179360197E+002 -0.707266455195281E+003
  0.100000000000000E+001  0.141666866285949E+004  0.318375693578311E+001  0.592283770850434E+002 -0.298602252521295E+000  0.372880548949079E+000 -0.741379725784466E-001 -0.144425179360197E+002 -0.708334331429743E+003
  0.100000000000000E+001  0.141237636583743E+004  0.657889805126963E+001  0.665880332494865E+002 -0.359863567181421E+000  0.352624963852943E+000  0.235008248990471E-001 -0.144425179360197E+002 -0.706188182918713E+003
  0.100000000000000E+001  0.144181423008735E+004  0.177620624548738E+002  0.752435323491843E+002 -0.746671981237502E+000  0.459641320955907E+001  0.972567146169588E+001 -0.144425179360197E+002 -0.720907115043675E+003
  0.100000000000000E+001  0.143274391534357E+004 -0.596382565478514E+001  0.747647505344394E+002 -0.666071406877389E+000  0.314139802975967E+001  0.685388715179161E+001 -0.144425179360197E+002 -0.716371957671785E+003
  0.100000000000000E+001  0.143770633544524E+004 -0.169358274844147E+002  0.688609770129092E+002 -0.817258270992402E+000  0.427174857809837E+001  0.685662580447501E+001 -0.144425179360197E+002 -0.718853167722618E+003
  0.100000000000000E+001  0.142543797521764E+004  0.189587867802785E+002  0.594683813725449E+002 -0.175385712602020E+000  0.276615616206165E+000 -0.816997057362151E+000 -0.144425179360197E+002 -0.712718987608822E+003
  0.100000000000000E+001  0.141733530261665E+004  0.583172662339449E+001  0.623326303598150E+002 -0.248532249307723E+000  0.333049736308712E+000 -0.742318754995868E-001 -0.144425179360197E+002 -0.708667651308327E+003
  0.100000000000000E+001  0.142602119904864E+004  0.182544871888972E+002  0.611632651966734E+002 -0.149758086355407E+000  0.339496142174482E+000 -0.860964127852995E+000 -0.144425179360197E+002 -0.713010599524320E+003
  0.100000000000000E+001  0.141734525701846E+004  0.839228393534446E+001  0.646979353858858E+002 -0.226130133185342E+000  0.273662084025727E+000 -0.250861538742818E+000 -0.144425179360197E+002 -0.708672628509229E+003
  0.100000000000000E+001  0.141398801085145E+004  0.141085464822249E+002  0.575833018250537E+002 -0.211709664153480E+000  0.363562234294959E+000 -0.145861798554193E+000 -0.144425179360197E+002 -0.706994005425723E+003
  0.100000000000000E+001  0.143319848866856E+004 -0.171568288901806E+002  0.756795779088092E+002 -0.595478500576794E+000  0.264286233454605E+001  0.659119311906845E+001 -0.144425179360197E+002 -0.716599244334281E+003
  0.100000000000000E+001  0.141744310390327E+004  0.649963724022949E+001  0.538490546454398E+002 -0.222642235301503E+000  0.344201878405757E+000 -0.950481230254958E-001 -0.144425179360197E+002 -0.708721551951634E+003
  0.100000000000000E+001  0.143796424053848E+004 -0.103764888376620E+001  0.721752663504089E+002 -0.511406630938984E+000  0.200360366589095E+001  0.761712428990194E+001 -0.144425179360197E+002 -0.718982120269242E+003
  0.100000000000000E+001  0.141765865270853E+004  0.803088887360311E+001  0.558199232870033E+002 -0.201719662070221E+000  0.339247762930661E+000 -0.992128188537649E-001 -0.144425179360197E+002 -0.708829326354266E+003
  0.100000000000000E+001  0.141776612700292E+004  0.501893348122244E+001  0.655441155044609E+002 -0.309010434819119E+000  0.303576530641169E+000 -0.155966887900796E-001 -0.144425179360197E+002 -0.708883063501459E+003
  0.100000000000000E+001  0.141788811991957E+004  0.409776890466554E+001  0.622403476827885E+002 -0.259103814514360E+000  0.316514868610110E+000 -0.351744932435381E-001 -0.144425179360197E+002 -0.708944059959783E+003
  0.100000000000000E+001  0.141803263951733E+004  0.216286218508603E+001  0.557536389719227E+002 -0.275647817005690E+000  0.358956307720202E+000 -0.677496584818584E-001 -0.144425179360197E+002 -0.709016319758667E+003
  0.100000000000000E+001  0.142743299057657E+004  0.176001149402880E+002  0.712046412364218E+002 -0.249504556190961E+000  0.189468879274978E+000 -0.385612237663556E+000 -0.144425179360197E+002 -0.713716495288285E+003
  0.100000000000000E+001  0.141402223535703E+004  0.421047018476981E+001  0.639646013338508E+002 -0.345803921665571E+000  0.357813445699870E+000  0.849767149411562E-002 -0.144425179360197E+002 -0.707011117678516E+003
  0.100000000000000E+001  0.141413633887185E+004  0.502260730532292E+001  0.591647660035138E+002 -0.235572882706798E+000  0.347232816047532E+000 -0.846990231696498E-001 -0.144425179360197E+002 -0.707068169435927E+003
  0.100000000000000E+001  0.142605683148179E+004  0.189061032234653E+002  0.696478664125788E+002 -0.208596849022616E+000  0.245612072688331E+000 -0.459101985662747E+000 -0.144425179360197E+002 -0.713028415740897E+003
  0.100000000000000E+001  0.143804172058017E+004 -0.202648869389250E+001  0.647469141629904E+002 -0.732958015953939E+000  0.395489675313311E+001  0.919697941222854E+001 -0.144425179360197E+002 -0.719020860290083E+003
  0.100000000000000E+001  0.143309774134525E+004  0.173674577964761E+002  0.700544234578209E+002 -0.681172999687342E+000  0.332305514725609E+001  0.778059150676665E+001 -0.144425179360197E+002 -0.716548870672626E+003
  0.100000000000000E+001  0.141629302695301E+004 -0.173762915615506E+002  0.602839665196188E+002 -0.330740304848266E+000  0.344951482606407E+000 -0.304336762057034E-002 -0.144425179360197E+002 -0.708146513476504E+003
  0.100000000000000E+001  0.143315954108035E+004  0.130077897822091E+002  0.733005345054613E+002 -0.611170504601775E+000  0.265590067491072E+001  0.601273695610098E+001 -0.144425179360197E+002 -0.716579770540174E+003
  0.100000000000000E+001  0.141646337615846E+004 -0.892464981996330E+000  0.643437446220897E+002 -0.287543126101561E+000  0.317362948339940E+000 -0.942550658546182E-002 -0.144425179360197E+002 -0.708231688079228E+003
  0.100000000000000E+001  0.141690888091190E+004 -0.516559720226549E+001  0.579877691971808E+002 -0.240567408758910E+000  0.360345040929374E+000 -0.958064905701885E-001 -0.144425179360197E+002 -0.708454440455951E+003
  0.100000000000000E+001  0.142317781653964E+004  0.122474985115001E+002  0.726827517828607E+002 -0.334455923739382E+000  0.340419726752643E+000 -0.126594574427390E-001 -0.144425179360197E+002 -0.711588908269820E+003
  0.100000000000000E+001  0.141693921930738E+004 -0.131223886670712E+002  0.574207806008036E+002 -0.271381358027850E+000  0.330752404260245E+000 -0.262051936311725E-001 -0.144425179360197E+002 -0.708469609653691E+003
  0.100000000000000E+001  0.141697795118532E+004 -0.106412081740462E+002  0.658521020661744E+002 -0.279965166856585E+000  0.315774454072511E+000 -0.258080041153104E-001 -0.144425179360197E+002 -0.708488975592658E+003
  0.100000000000000E+001  0.141711113564012E+004 -0.222466461457892E+001  0.668167790737177E+002 -0.298272097726106E+000  0.295633331861945E+000 -0.454423988370873E-001 -0.144425179360197E+002 -0.708555567820059E+003
  0.100000000000000E+001  0.143816050253133E+004  0.356284248873979E+001  0.726029802628766E+002 -0.476283550658475E+000  0.232079198860363E+001  0.730900035014951E+001 -0.144425179360197E+002 -0.719080251265663E+003
  0.100000000000000E+001  0.144023770638247E+004  0.118675449856733E+002  0.831827471283211E+002 -0.656261985756221E+000  0.279153403037758E+001  0.620289319566807E+001 -0.144425179360197E+002 -0.720118853191236E+003
  0.100000000000000E+001  0.144013300233270E+004 -0.735385220730791E+000  0.810503806850026E+002 -0.683921656317217E+000  0.304505794011988E+001  0.456615906982293E+001 -0.144425179360197E+002 -0.720066501166349E+003
  0.100000000000000E+001  0.141718423471650E+004 -0.102120598895194E+002  0.658941508322789E+002 -0.322536197279011E+000  0.334367378593119E+000  0.389877367584859E-001 -0.144425179360197E+002 -0.708592117358251E+003
  0.100000000000000E+001  0.141738385674168E+004 -0.922210613274592E+001  0.661316187146617E+002 -0.230906798285717E+000  0.369362679742864E+000 -0.142601257684396E+000 -0.144425179360197E+002 -0.708691928370840E+003
  0.100000000000000E+001  0.141257703985938E+004  0.808780145059965E+001  0.666594011243257E+002 -0.336483689093887E+000  0.335645070666173E+000  0.189098985977747E-001 -0.144425179360197E+002 -0.706288519929690E+003
  0.100000000000000E+001  0.141775503438466E+004 -0.899128384561488E+001  0.680389973848670E+002 -0.293468868994769E+000  0.311041137785280E+000 -0.735765502209844E-001 -0.144425179360197E+002 -0.708877517192330E+003
  0.100000000000000E+001  0.143995460212256E+004  0.256030824627141E+001  0.723908482048596E+002 -0.656507852602235E+000  0.364307233362711E+001  0.599578991777497E+001 -0.144425179360197E+002 -0.719977301061281E+003
  0.100000000000000E+001  0.141429545534861E+004  0.120562869497788E+002  0.554005913363758E+002 -0.252311032726014E+000  0.359853828129446E+000 -0.104271187579915E+000 -0.144425179360197E+002 -0.707147727674305E+003
  0.100000000000000E+001  0.142793391861705E+004  0.152024314593893E+002  0.711162839178100E+002 -0.246375014730494E+000  0.262998349408699E+000 -0.385869685311739E+000 -0.144425179360197E+002 -0.713966959308525E+003
  0.100000000000000E+001  0.141780118798364E+004 -0.128966674369781E+002  0.564911537422383E+002 -0.263209521356002E+000  0.371843469786151E+000 -0.105227603315800E+000 -0.144425179360197E+002 -0.708900593991821E+003
  0.100000000000000E+001  0.141800300455566E+004 -0.169728744516257E+002  0.575910911091720E+002 -0.325788622744694E+000  0.365364956924500E+000 -0.375866658119488E-001 -0.144425179360197E+002 -0.709001502277828E+003
  0.100000000000000E+001  0.141803837328669E+004  0.391037030073850E+000  0.694432773215314E+002 -0.319112471967303E+000  0.300872316694644E+000 -0.188152112371078E-001 -0.144425179360197E+002 -0.709019186643347E+003
  0.100000000000000E+001  0.141854533640590E+004 -0.154839344275835E+001  0.690044723019717E+002 -0.266851790818048E+000  0.338002763872546E+000 -0.323996224625365E-001 -0.144425179360197E+002 -0.709272668202952E+003
  0.100000000000000E+001  0.143351195977974E+004 -0.172555150726421E+001  0.754489057131673E+002 -0.590434630313651E+000  0.283862770165093E+001  0.748292559520432E+001 -0.144425179360197E+002 -0.716755979889872E+003
  0.100000000000000E+001  0.141268426177786E+004  0.100274945656200E+002  0.660516789825798E+002 -0.326913870783428E+000  0.350213891301285E+000 -0.149611013043423E-001 -0.144425179360197E+002 -0.706342130888930E+003
  0.100000000000000E+001  0.141472767484084E+004  0.117613692777564E+002  0.597632306856990E+002 -0.256037667449812E+000  0.370045726576931E+000 -0.109640358959270E+000 -0.144425179360197E+002 -0.707363837420420E+003
  0.100000000000000E+001  0.141856476876664E+004 -0.970959793283017E+001  0.623080853583064E+002 -0.214266969874946E+000  0.284744787297463E+000 -0.360679412322282E+000 -0.144425179360197E+002 -0.709282384383319E+003
  0.100000000000000E+001  0.142849115768695E+004  0.150271994713288E+002  0.640261164630901E+002 -0.150196896326021E+000  0.189844990203286E+000 -0.106073301247523E+001 -0.144425179360197E+002 -0.714245578843475E+003
  0.100000000000000E+001  0.141542993349017E+004  0.637540052106927E+001  0.577216356625895E+002 -0.228372486289042E+000  0.344817752984577E+000 -0.987911459186162E-001 -0.144425179360197E+002 -0.707714966745083E+003
  0.100000000000000E+001  0.141865124876041E+004 -0.163761011345424E+001  0.629657371267344E+002 -0.198602705552265E+000  0.267451050970811E+000 -0.273379135478830E+000 -0.144425179360197E+002 -0.709325624380205E+003
  0.100000000000000E+001  0.141631709372608E+004  0.143562844627225E+002  0.653432991689454E+002 -0.330244521762759E+000  0.340557126281084E+000 -0.381185043064036E-002 -0.144425179360197E+002 -0.708158546863041E+003
  0.100000000000000E+001  0.141662872932973E+004  0.125658731478651E+002  0.654657588320418E+002 -0.293843815178120E+000  0.314105383755670E+000  0.352164536198174E-002 -0.144425179360197E+002 -0.708314364664863E+003
  0.100000000000000E+001  0.142416863999584E+004  0.151518288266283E+002  0.663437016814495E+002 -0.207123197057454E+000  0.237891609162287E+000 -0.572309137076816E+000 -0.144425179360197E+002 -0.712084319997919E+003
  0.100000000000000E+001  0.141588648745437E+004  0.106265215273469E+002  0.548397409320225E+002 -0.189804305134488E+000  0.367369677368542E+000 -0.164447224768580E+000 -0.144425179360197E+002 -0.707943243727187E+003
  0.100000000000000E+001  0.143900928997965E+004 -0.193427100578582E+002  0.710932213198267E+002 -0.575522437106811E+000  0.207230682507040E+001  0.605381854171314E+001 -0.144425179360197E+002 -0.719504644989827E+003
  0.100000000000000E+001  0.141254620277872E+004  0.605718211716848E+001  0.603716828045360E+002 -0.238643557429143E+000  0.361862336664433E+000 -0.113294522101597E+000 -0.144425179360197E+002 -0.706273101389359E+003
  0.100000000000000E+001  0.142645403444624E+004  0.145986350679463E+002  0.631240891088635E+002 -0.222068725271396E+000  0.188540393118117E+000 -0.234641584287692E+000 -0.144425179360197E+002 -0.713227017223118E+003
  0.100000000000000E+001  0.141787841199469E+004  0.164605128832167E+002  0.677268630656075E+002 -0.349928009190071E+000  0.320535815578902E+000  0.349471200771756E-001 -0.144425179360197E+002 -0.708939205997345E+003
  0.100000000000000E+001  0.141792627016561E+004  0.194098790440090E+002  0.620765393322219E+002 -0.216568192976524E+000  0.272294113052107E+000 -0.261734799009860E+000 -0.144425179360197E+002 -0.708963135082805E+003
  0.100000000000000E+001  0.142729202521610E+004  0.139923227618930E+002  0.633757024277585E+002 -0.161472673975197E+000  0.337375766525236E+000 -0.102043452618508E+001 -0.144425179360197E+002 -0.713646012608049E+003
  0.100000000000000E+001  0.142731568590150E+004  0.168907966482606E+002  0.790825989323094E+002 -0.396464582079089E+000  0.335972426998621E+000  0.972339889617775E-001 -0.144425179360197E+002 -0.713657842950749E+003
  0.100000000000000E+001  0.141814892128073E+004  0.118494517281832E+002  0.616743698073213E+002 -0.207448627258964E+000  0.338705909486512E+000 -0.102575558591596E+000 -0.144425179360197E+002 -0.709074460640367E+003
  0.100000000000000E+001  0.143398567040753E+004 -0.852095058961470E+001  0.738474757602060E+002 -0.674240851356757E+000  0.293819371061793E+001  0.659588706399965E+001 -0.144425179360197E+002 -0.716992835203767E+003
  0.100000000000000E+001  0.141853857434343E+004  0.145880342038865E+002  0.744227790904315E+002 -0.361284340170954E+000  0.349025068067603E+000  0.428768816226750E-001 -0.144425179360197E+002 -0.709269287171713E+003
  0.100000000000000E+001  0.141854478535848E+004  0.172242220205970E+002  0.639162607263516E+002 -0.234285465650715E+000  0.244123760456111E+000 -0.174137704051903E+000 -0.144425179360197E+002 -0.709272392679242E+003
  0.100000000000000E+001  0.143415657262729E+004  0.156964382131130E+002  0.743287522674183E+002 -0.595531873864590E+000  0.287532258587420E+001  0.987080309672635E+001 -0.144425179360197E+002 -0.717078286313645E+003
  0.100000000000000E+001  0.141284744596803E+004  0.246236038709077E+001  0.717313750540704E+002 -0.337335274403699E+000  0.353802043194367E+000 -0.338168850940690E-002 -0.144425179360197E+002 -0.706423722984015E+003
  0.100000000000000E+001  0.142495116103432E+004 -0.178511246407778E+002  0.618143851117914E+002 -0.158795270659404E+000  0.289177088405977E+000 -0.924608898453984E+000 -0.144425179360197E+002 -0.712475580517160E+003
  0.100000000000000E+001  0.141970823637636E+004  0.488510870468873E+001  0.661233188602157E+002 -0.255582461473423E+000  0.260571840991415E+000 -0.232409447933332E+000 -0.144425179360197E+002 -0.709854118188179E+003
  0.100000000000000E+001  0.143419523997547E+004  0.238854318596562E+001  0.740084587332146E+002 -0.664589696075871E+000  0.314802204368832E+001  0.995997323306274E+001 -0.144425179360197E+002 -0.717097619987737E+003
  0.100000000000000E+001  0.142500523539160E+004 -0.158511670617312E+002  0.669896735849102E+002 -0.206215124304651E+000  0.323000284832505E+000 -0.363231848599934E+000 -0.144425179360197E+002 -0.712502617695798E+003
  0.100000000000000E+001  0.141994108097121E+004  0.412403483990643E+001  0.618875708610201E+002 -0.279609478832132E+000  0.299780361487473E+000 -0.566910278626391E-001 -0.144425179360197E+002 -0.709970540485607E+003
  0.100000000000000E+001  0.141400651835025E+004 -0.535001469117354E+000  0.630431443690943E+002 -0.234357936033781E+000  0.342907521333592E+000 -0.904848511290446E-001 -0.144425179360197E+002 -0.707003259175123E+003
  0.100000000000000E+001  0.142033281830607E+004  0.852961589885561E+001  0.644793788874375E+002 -0.240582054420477E+000  0.245466481474716E+000 -0.143089430346633E+000 -0.144425179360197E+002 -0.710166409153037E+003
  0.100000000000000E+001  0.141882038562249E+004 -0.193663221888015E+002  0.586627733133600E+002 -0.348832518965597E+000  0.354777721216355E+000  0.119616228988804E-001 -0.144425179360197E+002 -0.709410192811245E+003
  0.100000000000000E+001  0.143444206121530E+004  0.193443487774870E+002  0.682892786379545E+002 -0.637457138348972E+000  0.329147773240307E+001  0.840534841976166E+001 -0.144425179360197E+002 -0.717221030607651E+003
  0.100000000000000E+001  0.141417517778731E+004 -0.720000455730056E+001  0.619189663572893E+002 -0.315696343845401E+000  0.352841128647391E+000 -0.818065814609881E-002 -0.144425179360197E+002 -0.707087588893657E+003
  0.100000000000000E+001  0.143693265036122E+004  0.141641680577236E+002  0.710510811199770E+002 -0.690174907718815E+000  0.407392400102470E+001  0.977369929910728E+001 -0.144425179360197E+002 -0.718466325180609E+003
  0.100000000000000E+001  0.143448742410574E+004 -0.201952023479560E+000  0.737546186792598E+002 -0.608867997313561E+000  0.306711434446027E+001  0.676557175285578E+001 -0.144425179360197E+002 -0.717243712052872E+003
  0.100000000000000E+001  0.141921324669544E+004 -0.436506356032288E+001  0.672113499793018E+002 -0.284618667170711E+000  0.288650209356502E+000 -0.641198782251635E-001 -0.144425179360197E+002 -0.709606623347720E+003
  0.100000000000000E+001  0.143449459869593E+004  0.147549544797043E+001  0.738133290380195E+002 -0.616855986617898E+000  0.290380370584313E+001  0.987966587353696E+001 -0.144425179360197E+002 -0.717247299347963E+003
  0.100000000000000E+001  0.141924100164009E+004 -0.274464067242070E+001  0.634729485163165E+002 -0.241511190893613E+000  0.256627689641283E+000 -0.180388902296578E+000 -0.144425179360197E+002 -0.709620500820044E+003
  0.100000000000000E+001  0.143007141023316E+004  0.147118103110726E+002  0.741952312450706E+002 -0.296768130057886E+000  0.258756584060333E+000 -0.263228538867436E+000 -0.144425179360197E+002 -0.715035705116582E+003
  0.100000000000000E+001  0.141924841320456E+004 -0.676615375710338E+001  0.682653527751809E+002 -0.257540166833491E+000  0.283685239445162E+000 -0.230730990794324E+000 -0.144425179360197E+002 -0.709624206602282E+003
  0.100000000000000E+001  0.143037921614871E+004  0.178832662516509E+002  0.661775030405673E+002 -0.140891079616054E+000  0.359883585180885E+000 -0.816744802278713E+000 -0.144425179360197E+002 -0.715189608074357E+003
  0.100000000000000E+001  0.142512393153922E+004 -0.125823729967017E+002  0.663074899717525E+002 -0.271092315474096E+000  0.219377034168185E+000 -0.257193547557495E+000 -0.144425179360197E+002 -0.712561965769611E+003
  0.100000000000000E+001  0.143667168087047E+004  0.114437086416986E+002  0.792042132488413E+002 -0.615789096175048E+000  0.323542995751237E+001  0.984554452685970E+001 -0.144425179360197E+002 -0.718335840435236E+003
  0.100000000000000E+001  0.142512824049230E+004 -0.950379971072535E+001  0.684420514366294E+002 -0.304720802877112E+000  0.351720180220879E+000 -0.688842238928107E-001 -0.144425179360197E+002 -0.712564120246148E+003
  0.100000000000000E+001  0.141940662090989E+004 -0.121192726577401E+002  0.714098088748564E+002 -0.305511140363768E+000  0.287146943588712E+000 -0.120112876713243E-001 -0.144425179360197E+002 -0.709703310454947E+003
  0.100000000000000E+001  0.143468750349604E+004  0.624566703413222E+001  0.694301705171238E+002 -0.789818907824976E+000  0.431892460883877E+001  0.926809794884461E+001 -0.144425179360197E+002 -0.717343751748021E+003
  0.100000000000000E+001  0.141951515781607E+004 -0.129480386434097E+002  0.618792176343359E+002 -0.245508237588980E+000  0.265796713129150E+000 -0.189440492430833E+000 -0.144425179360197E+002 -0.709757578908037E+003
  0.100000000000000E+001  0.141422461711451E+004 -0.250534654410009E+001  0.631122879700167E+002 -0.324791056907324E+000  0.334517708607201E+000  0.262028479412031E-001 -0.144425179360197E+002 -0.707112308557254E+003
  0.100000000000000E+001  0.143637990826601E+004 -0.167049172165186E+000  0.671824147676273E+002 -0.594526066862691E+000  0.257141306862932E+001  0.652155254027226E+001 -0.144425179360197E+002 -0.718189954133007E+003
  0.100000000000000E+001  0.143480064106981E+004  0.809416877909182E+001  0.676735807100713E+002 -0.627298085316973E+000  0.306435534530028E+001  0.843939846405115E+001 -0.144425179360197E+002 -0.717400320534905E+003
  0.100000000000000E+001  0.141438766589929E+004 -0.335777915581812E+001  0.655508113839015E+002 -0.361472530831102E+000  0.333594453904960E+000  0.560975635095051E-001 -0.144425179360197E+002 -0.707193832949643E+003
  0.100000000000000E+001  0.142733876953864E+004 -0.184830783057155E+002  0.571556360136957E+002 -0.112653814345767E+000  0.336270756985158E+000 -0.121817749300928E+001 -0.144425179360197E+002 -0.713669384769319E+003
  0.100000000000000E+001  0.141438910244931E+004 -0.401065936104126E+001  0.624084999687902E+002 -0.209537324184617E+000  0.374567259587630E+000 -0.166130800610638E+000 -0.144425179360197E+002 -0.707194551224655E+003
  0.100000000000000E+001  0.142522357319499E+004  0.260691974599566E+001  0.634067971652035E+002 -0.309803466842174E+000  0.283801409553218E+000 -0.118612460440858E+000 -0.144425179360197E+002 -0.712611786597496E+003
  0.100000000000000E+001  0.141447632993567E+004 -0.172395509648655E+002  0.682666900425317E+002 -0.304905439953227E+000  0.332020851522130E+000  0.985475924504264E-002 -0.144425179360197E+002 -0.707238164967833E+003
  0.100000000000000E+001  0.142005732533153E+004 -0.932805764856354E+001  0.648192665535331E+002 -0.215337985665453E+000  0.255770920295385E+000 -0.257291787169535E+000 -0.144425179360197E+002 -0.710028662665764E+003
  0.100000000000000E+001  0.143540342721564E+004 -0.877553630781201E+001  0.683629732920019E+002 -0.803243055786804E+000  0.422248701913975E+001  0.995704979697447E+001 -0.144425179360197E+002 -0.717701713607819E+003
  0.100000000000000E+001  0.142437203034127E+004  0.189236763378063E+002  0.652626416316982E+002 -0.215455182484093E+000  0.292484546084824E+000 -0.550442151109010E+000 -0.144425179360197E+002 -0.712186015170633E+003
  0.100000000000000E+001  0.142008491892913E+004 -0.790340400618473E+001  0.630456499912688E+002 -0.190286243006567E+000  0.310696391778965E+000 -0.366420455130683E+000 -0.144425179360197E+002 -0.710042459464565E+003
  0.100000000000000E+001  0.143607329896760E+004  0.191871674022178E+002  0.736350070426972E+002 -0.637171627174264E+000  0.345432526541748E+001  0.748638466198862E+001 -0.144425179360197E+002 -0.718036649483801E+003
  0.100000000000000E+001  0.142745726653116E+004  0.722454500952788E+001  0.590073467353619E+002 -0.169152850531529E+000  0.223116548677789E+000 -0.387591509867406E+000 -0.144425179360197E+002 -0.713728633265582E+003
  0.100000000000000E+001  0.143548398623886E+004 -0.316120429866249E+001  0.779554913313074E+002 -0.539770179251818E+000  0.216483602403329E+001  0.564651345855860E+001 -0.144425179360197E+002 -0.717741993119428E+003
  0.100000000000000E+001  0.142016660936907E+004 -0.128452163121131E+002  0.590849367439539E+002 -0.180054423734946E+000  0.289596757773657E+000 -0.424123591869938E+000 -0.144425179360197E+002 -0.710083304684536E+003
  0.100000000000000E+001  0.143558811380359E+004  0.138744523391978E+002  0.760182454819054E+002 -0.607538440641195E+000  0.237411597316806E+001  0.611272124419777E+001 -0.144425179360197E+002 -0.717794056901797E+003
  0.100000000000000E+001  0.143560510481285E+004  0.102549761161774E+002  0.784746207590669E+002 -0.644768750208995E+000  0.337729099521094E+001  0.892474289133388E+001 -0.144425179360197E+002 -0.717802552406424E+003
  0.100000000000000E+001  0.141292007342522E+004  0.379670373106283E+001  0.699989826659263E+002 -0.287308944514779E+000  0.343683592224996E+000 -0.421970530970768E-001 -0.144425179360197E+002 -0.706460036712612E+003
  0.100000000000000E+001  0.142029286168739E+004 -0.733152961594430E+001  0.636540160335300E+002 -0.208369408688729E+000  0.263673657569193E+000 -0.326169295562700E+000 -0.144425179360197E+002 -0.710146430843693E+003
  0.100000000000000E+001  0.141450279394331E+004 -0.157803844007672E+002  0.609111214829882E+002 -0.243766780688292E+000  0.340427880410563E+000 -0.809742808207226E-001 -0.144425179360197E+002 -0.707251396971656E+003
  0.100000000000000E+001  0.143584651880381E+004  0.813249287102068E+001  0.738589638414796E+002 -0.480333420966072E+000  0.203438257818372E+001  0.643654123404276E+001 -0.144425179360197E+002 -0.717923259401906E+003
  0.100000000000000E+001  0.142032253438587E+004 -0.145942788534681E+002  0.602745713696280E+002 -0.340867438810958E+000  0.358203474806558E+000  0.204039352309202E-001 -0.144425179360197E+002 -0.710161267192935E+003
  0.100000000000000E+001  0.143573679126557E+004 -0.159011052416042E+002  0.703739720767690E+002 -0.830875161046608E+000  0.427724441867453E+001  0.846973288691365E+001 -0.144425179360197E+002 -0.717868395632786E+003
  0.100000000000000E+001  0.142230771675766E+004 -0.783891540732911E+001  0.621202598222969E+002 -0.235639979975168E+000  0.316000050535990E+000 -0.176760577898939E+000 -0.144425179360197E+002 -0.711153858378832E+003
  0.100000000000000E+001  0.142530145317650E+004 -0.517642397349055E+001  0.590973222194904E+002 -0.136649611717975E+000  0.306346075268229E+000 -0.963302140209809E+000 -0.144425179360197E+002 -0.712650726588250E+003
  0.100000000000000E+001  0.142041996688809E+004 -0.108475831914375E+002  0.652356805321120E+002 -0.285171682130921E+000  0.330055142486478E+000 -0.952199373238010E-001 -0.144425179360197E+002 -0.710209983444045E+003
  0.100000000000000E+001  0.141916379664772E+004  0.148636284363720E+002  0.652128462553354E+002 -0.269488172870240E+000  0.324285190845036E+000  0.853081303194614E-003 -0.144425179360197E+002 -0.709581898323861E+003
  0.100000000000000E+001  0.141921612911750E+004  0.154727210334803E+002  0.662090353570277E+002 -0.243070153758383E+000  0.249314969108197E+000 -0.192260379802287E+000 -0.144425179360197E+002 -0.709608064558748E+003
  0.100000000000000E+001  0.143140774504418E+004 -0.165358423013456E+002  0.703588112989602E+002 -0.171912858348063E+000  0.155565498654722E+000 -0.842593710223241E+000 -0.144425179360197E+002 -0.715703872522088E+003
  0.100000000000000E+001  0.143116948568441E+004  0.492027738232035E+001  0.552762593215488E+002 -0.785759078634181E-001  0.369811396927872E+000 -0.164426135017592E+001 -0.144425179360197E+002 -0.715584742842207E+003
  0.100000000000000E+001  0.141454663369607E+004  0.952063980245939E+000  0.630263212873033E+002 -0.317774184567379E+000  0.325740326459291E+000  0.253711710943065E-001 -0.144425179360197E+002 -0.707273316848033E+003
  0.100000000000000E+001  0.143092387586148E+004 -0.164278982071631E+002  0.686768870607354E+002 -0.160168677189573E+000  0.108823509983427E+000 -0.789387045077021E+000 -0.144425179360197E+002 -0.715461937930740E+003
  0.100000000000000E+001  0.143068646050610E+004 -0.601920618409464E+001  0.580030446246620E+002 -0.175633244366049E+000  0.220970957638073E+000 -0.928800389428952E+000 -0.144425179360197E+002 -0.715343230253050E+003
  0.100000000000000E+001  0.141325119386226E+004  0.244675824496890E+001  0.583921425142841E+002 -0.213402161417035E+000  0.342497970568047E+000 -0.986565617249031E-001 -0.144425179360197E+002 -0.706625596931128E+003
  0.100000000000000E+001  0.141959724440628E+004  0.162372471330329E+002  0.615195804556283E+002 -0.267402692279118E+000  0.316914235880396E+000 -0.891682408675685E-001 -0.144425179360197E+002 -0.709798622203140E+003
  0.100000000000000E+001  0.142975181011261E+004 -0.916347970375763E+001  0.729131217691525E+002 -0.206157582855972E+000  0.207439238193798E+000 -0.442739688932054E+000 -0.144425179360197E+002 -0.714875905056307E+003
  0.100000000000000E+001  0.142537783332218E+004  0.294882503494443E+001  0.688903880709738E+002 -0.232013957908491E+000  0.160025881918605E+000 -0.283190659786182E+000 -0.144425179360197E+002 -0.712688916661090E+003
  0.100000000000000E+001  0.142952217266310E+004 -0.144844679954947E+002  0.684694893510771E+002 -0.349226386900657E+000  0.219762652546472E+000 -0.646184355659294E-001 -0.144425179360197E+002 -0.714761086331548E+003
  0.100000000000000E+001  0.142945209799948E+004  0.475399232019770E+001  0.748316462083855E+002 -0.253239202678161E+000  0.243829732864381E+000 -0.103758241341419E+000 -0.144425179360197E+002 -0.714726048999740E+003
  0.100000000000000E+001  0.142540667467369E+004  0.305614274272780E+001  0.558148392627681E+002 -0.150085475321161E+000  0.347416128363022E+000 -0.423955239625467E+000 -0.144425179360197E+002 -0.712703337336844E+003
  0.100000000000000E+001  0.142238319198003E+004 -0.930475062134435E+001  0.628721054595089E+002 -0.150077762016819E+000  0.302771553428856E+000 -0.631178090065777E+000 -0.144425179360197E+002 -0.711191595990014E+003
  0.100000000000000E+001  0.141972266787443E+004  0.185042035601768E+002  0.654560670871529E+002 -0.233377383894085E+000  0.224552998426811E+000 -0.190084661746885E+000 -0.144425179360197E+002 -0.709861333937216E+003
  0.100000000000000E+001  0.142257796477055E+004 -0.194677634034594E+002  0.614413324403895E+002 -0.205601517101585E+000  0.310178967551764E+000 -0.225244290608639E+000 -0.144425179360197E+002 -0.711288982385276E+003
  0.100000000000000E+001  0.142269232281960E+004 -0.186276785088221E+002  0.659847609023335E+002 -0.209414475552814E+000  0.233448974477533E+000 -0.171225739535773E+000 -0.144425179360197E+002 -0.711346161409799E+003
  0.100000000000000E+001  0.141988692210427E+004  0.150648615837771E+002  0.652183709343168E+002 -0.221491400255272E+000  0.265189535307270E+000 -0.205253947895400E+000 -0.144425179360197E+002 -0.709943461052135E+003
  0.100000000000000E+001  0.141458187813193E+004  0.168204102577756E+001  0.631624134142830E+002 -0.283129147431388E+000  0.359220141306485E+000 -0.512674757375731E-001 -0.144425179360197E+002 -0.707290939065967E+003
  0.100000000000000E+001  0.142015651385820E+004  0.160048361771646E+002  0.689056739090149E+002 -0.264755003158801E+000  0.277649318177808E+000 -0.190318501007457E+000 -0.144425179360197E+002 -0.710078256929098E+003
  0.100000000000000E+001  0.142862397664388E+004 -0.775483095716097E+001  0.586075052584464E+002 -0.109028093599712E+000  0.320460527086615E+000 -0.141195049820058E+001 -0.144425179360197E+002 -0.714311988321938E+003
  0.100000000000000E+001  0.141326627320394E+004  0.349128221609920E+001  0.619485988493876E+002 -0.247480972966913E+000  0.346690087786175E+000 -0.720553932095207E-001 -0.144425179360197E+002 -0.706633136601972E+003
  0.100000000000000E+001  0.142807793890326E+004  0.107172397260107E+002  0.672458141990272E+002 -0.237805203282942E+000  0.303879824696200E+000 -0.602495105915978E+000 -0.144425179360197E+002 -0.714038969451632E+003
  0.100000000000000E+001  0.142800197706502E+004 -0.170923497266732E+002  0.712401246207306E+002 -0.381212147135517E+000  0.223653120384525E+000  0.599206558759029E-001 -0.144425179360197E+002 -0.714000988532510E+003
  0.100000000000000E+001  0.141336087154804E+004  0.109921781599240E+002  0.595350057291539E+002 -0.239559148472084E+000  0.370023422530046E+000 -0.136910160213105E+000 -0.144425179360197E+002 -0.706680435774018E+003
  0.100000000000000E+001  0.142167524193374E+004  0.151735974467647E+002  0.654032960400141E+002 -0.182190202696356E+000  0.299107242009756E+000 -0.387030474769354E+000 -0.144425179360197E+002 -0.710837620966868E+003
  0.100000000000000E+001  0.142203945659571E+004  0.172065110537657E+002  0.660254215694522E+002 -0.224637417008078E+000  0.294106239953926E+000 -0.242765675163659E+000 -0.144425179360197E+002 -0.711019728297853E+003
  0.100000000000000E+001  0.142220839656950E+004  0.182602600533844E+002  0.691669986830008E+002 -0.264676218727562E+000  0.230316071240136E+000 -0.621167627469621E-001 -0.144425179360197E+002 -0.711104198284749E+003
  0.100000000000000E+001  0.141462133951777E+004 -0.168896969935919E+002  0.607076524782073E+002 -0.317894516946965E+000  0.361341126417972E+000 -0.418227152591584E-001 -0.144425179360197E+002 -0.707310669758885E+003
  0.100000000000000E+001  0.142050249155919E+004 -0.126461422786014E+002  0.551202792225703E+002 -0.243221260976899E+000  0.331456354418513E+000 -0.503088775765725E-001 -0.144425179360197E+002 -0.710251245779594E+003
  0.100000000000000E+001  0.142718865411279E+004  0.479013258303592E+001  0.618021693292250E+002 -0.230153834960947E+000  0.230024546021746E+000 -0.692177208976776E-001 -0.144425179360197E+002 -0.713594327056396E+003
  0.100000000000000E+001  0.142716985996609E+004 -0.111052231068452E+002  0.704460449165236E+002 -0.208044771155794E+000  0.163235980718907E+000 -0.415425381775739E+000 -0.144425179360197E+002 -0.713584929983046E+003
  0.100000000000000E+001  0.142715918158324E+004 -0.175361486591932E+001  0.612025088284593E+002 -0.112469582451699E+000  0.319146202307694E+000 -0.556489009074863E+000 -0.144425179360197E+002 -0.713579590791620E+003
  0.100000000000000E+001  0.142052152806996E+004  0.409329912760526E+001  0.690969775460891E+002 -0.234027334897292E+000  0.255390057392717E+000 -0.180876838472853E+000 -0.144425179360197E+002 -0.710260764034978E+003
  0.100000000000000E+001  0.142706656836789E+004 -0.453491756416671E+001  0.710629986596150E+002 -0.313412185236552E+000  0.158601233665102E+000  0.299204009984386E-001 -0.144425179360197E+002 -0.713533284183943E+003
  0.100000000000000E+001  0.142273590146778E+004 -0.129093086948895E+002  0.575016514779744E+002 -0.180368882491959E+000  0.329955115409040E+000 -0.436602232877719E+000 -0.144425179360197E+002 -0.711367950733890E+003
  0.100000000000000E+001  0.142285619138564E+004  0.893968566011479E+001  0.653961222811454E+002 -0.241070576099507E+000  0.228195080575871E+000 -0.957027388009983E-001 -0.144425179360197E+002 -0.711428095692818E+003
  0.100000000000000E+001  0.142053151108659E+004  0.177792385227912E+001  0.588615015083224E+002 -0.167038265132720E+000  0.290369325207226E+000 -0.366707076258692E+000 -0.144425179360197E+002 -0.710265755543293E+003
  0.100000000000000E+001  0.142054119551114E+004  0.393208589262258E+001  0.595297157048188E+002 -0.215548533134134E+000  0.284568998731230E+000 -0.356252911145123E+000 -0.144425179360197E+002 -0.710270597755571E+003
  0.100000000000000E+001  0.142303831709245E+004  0.427021103599296E+001  0.632262535344916E+002 -0.157985042037152E+000  0.305350136965417E+000 -0.651095884186097E+000 -0.144425179360197E+002 -0.711519158546226E+003
  0.100000000000000E+001  0.142578510733338E+004 -0.730199944956171E+001  0.711173689586551E+002 -0.222833463559829E+000  0.215572335596166E+000 -0.197989136720063E+000 -0.144425179360197E+002 -0.712892553666691E+003
  0.100000000000000E+001  0.142583528123846E+004 -0.730500434402372E+001  0.633749783986806E+002 -0.238715767244646E+000  0.258708828343472E+000 -0.518102905949359E+000 -0.144425179360197E+002 -0.712917640619232E+003
  0.100000000000000E+001  0.142666107321948E+004 -0.138444254981869E+002  0.711693404749295E+002 -0.234621336373864E+000  0.210195937555845E+000 -0.298312035668880E+000 -0.144425179360197E+002 -0.713330536609740E+003
  0.100000000000000E+001  0.141340341088691E+004  0.138641102560537E+002  0.604883880751211E+002 -0.238404484622430E+000  0.345837268287401E+000 -0.804461599455522E-001 -0.144425179360197E+002 -0.706701705443453E+003
  0.100000000000000E+001  0.142659022031689E+004 -0.169877663053745E+002  0.662527628723176E+002 -0.164145336891090E+000  0.205402742213888E+000 -0.575684944620415E+000 -0.144425179360197E+002 -0.713295110158444E+003
  0.100000000000000E+001  0.142054428865533E+004  0.783979507061066E+000  0.608202900326809E+002 -0.285189612311675E+000  0.287321502548190E+000 -0.351536429376562E-001 -0.144425179360197E+002 -0.710272144327667E+003
  0.100000000000000E+001  0.142585218998723E+004 -0.535926387942091E+001  0.732836723297809E+002 -0.254577956973409E+000  0.278258600837424E+000 -0.210612101634222E+000 -0.144425179360197E+002 -0.712926094993614E+003
  0.100000000000000E+001  0.142653226567645E+004  0.987100463775045E+001  0.623743298909494E+002 -0.177123328107171E+000  0.186527544700484E+000 -0.676066868314550E+000 -0.144425179360197E+002 -0.713266132838224E+003
  0.100000000000000E+001  0.142595390094335E+004 -0.128653392134574E+002  0.645766272072896E+002 -0.158548344845613E+000  0.214295277886650E+000 -0.658423131089194E+000 -0.144425179360197E+002 -0.712976950471673E+003
  0.100000000000000E+001  0.142605056549774E+004 -0.187404931887354E+002  0.610512860720187E+002 -0.198337629031963E+000  0.202830136745639E+000 -0.516815293586925E+000 -0.144425179360197E+002 -0.713025282748868E+003
  0.100000000000000E+001  0.142648172537493E+004 -0.902245401536492E+001  0.586350555648183E+002 -0.161704230615172E+000  0.255817904326047E+000 -0.834846930119671E+000 -0.144425179360197E+002 -0.713240862687467E+003
  0.100000000000000E+001  0.142644543384369E+004 -0.473398545006384E+001  0.647574971851706E+002 -0.263408708486964E+000  0.170828401117519E+000 -0.223209722584258E+000 -0.144425179360197E+002 -0.713222716921845E+003
  0.100000000000000E+001  0.141466091694779E+004 -0.173025308537893E+002  0.570930849452329E+002 -0.248148716481151E+000  0.343935336493324E+000 -0.708069182559896E-001 -0.144425179360197E+002 -0.707330458473897E+003
  0.100000000000000E+001  0.142312494761875E+004  0.927352224443801E+001  0.645136425800127E+002 -0.202303776255708E+000  0.247787904326557E+000 -0.548640672997154E+000 -0.144425179360197E+002 -0.711562473809377E+003
  0.100000000000000E+001  0.142637388309911E+004 -0.117814627191047E+002  0.615051745079010E+002 -0.179834042767354E+000  0.262352093462698E+000 -0.186441454787015E+000 -0.144425179360197E+002 -0.713186941549556E+003
  0.100000000000000E+001  0.142060787315489E+004 -0.169397195970046E+002  0.595631846225095E+002 -0.349798169987987E+000  0.325325012781798E+000  0.536720190706959E-001 -0.144425179360197E+002 -0.710303936577446E+003
  0.100000000000000E+001  0.141493216633412E+004 -0.102413730903014E+002  0.607633331888869E+002 -0.284598804170996E+000  0.323126849551516E+000 -0.321631979396741E-002 -0.144425179360197E+002 -0.707466083167062E+003
  0.100000000000000E+001  0.142631123863182E+004  0.957120288748931E+001  0.679605528394539E+002 -0.169201918891815E+000  0.250010976998770E+000 -0.432540926604375E+000 -0.144425179360197E+002 -0.713155619315911E+003
  0.100000000000000E+001  0.142488952970153E+004  0.447787639581804E+000  0.664957377965820E+002 -0.244444133667541E+000  0.272340431268494E+000 -0.353726723536429E+000 -0.144425179360197E+002 -0.712444764850765E+003
  0.100000000000000E+001  0.142064250767077E+004 -0.118993537801063E+002  0.660667444801142E+002 -0.197634648767364E+000  0.288057012883486E+000 -0.338184699340850E+000 -0.144425179360197E+002 -0.710321253835383E+003
  0.100000000000000E+001  0.142484926610728E+004 -0.116433886035429E+001  0.729784569068299E+002 -0.346535983052370E+000  0.216502031339437E+000  0.461503938385661E-001 -0.144425179360197E+002 -0.712424633053638E+003
  0.100000000000000E+001  0.142065518764887E+004 -0.124522298415739E+002  0.714064325955454E+002 -0.323347691519134E+000  0.284748357746437E+000 -0.116477829258361E-001 -0.144425179360197E+002 -0.710327593824437E+003
  0.100000000000000E+001  0.142069091560132E+004 -0.892773940818195E+001  0.573126121152636E+002 -0.330223068831822E+000  0.359114971525550E+000 -0.484975392657283E-002 -0.144425179360197E+002 -0.710345457800658E+003
  0.100000000000000E+001  0.142069544784406E+004 -0.122029354523579E+002  0.681592713960944E+002 -0.295233665171917E+000  0.226379160597281E+000 -0.405966601047965E-001 -0.144425179360197E+002 -0.710347723922030E+003
  0.100000000000000E+001  0.142071308616412E+004  0.545262740119600E+000  0.628763962194363E+002 -0.169866336311906E+000  0.273358055904007E+000 -0.319373524387334E+000 -0.144425179360197E+002 -0.710356543082062E+003
  0.100000000000000E+001  0.142476299504847E+004  0.950629453426442E+001  0.670570512335103E+002 -0.336846212185590E+000  0.310954504525164E+000 -0.443813573449869E-001 -0.144425179360197E+002 -0.712381497524237E+003
  0.100000000000000E+001  0.142074568710343E+004  0.392884871546869E+001  0.637128976885171E+002 -0.281770535351630E+000  0.269024310047855E+000 -0.101915037785220E+000 -0.144425179360197E+002 -0.710372843551716E+003
  0.100000000000000E+001  0.142097838510320E+004 -0.177254113939743E+002  0.635842022971413E+002 -0.245502006048706E+000  0.262835086647293E+000 -0.350899824014260E+000 -0.144425179360197E+002 -0.710489192551599E+003
  0.100000000000000E+001  0.142329129614373E+004  0.108935039190324E+002  0.614476718787032E+002 -0.131840115350740E+000  0.345757562620347E+000 -0.647279126171675E+000 -0.144425179360197E+002 -0.711645648071865E+003
  0.100000000000000E+001  0.142106569865387E+004  0.115828816315269E+002  0.590847451139698E+002 -0.208916786821572E+000  0.306190472922613E+000 -0.542571054798447E+000 -0.144425179360197E+002 -0.710532849326935E+003
  0.100000000000000E+001  0.142107357438991E+004 -0.166762406393778E+002  0.647614697744167E+002 -0.292046742126609E+000  0.263538474609372E+000 -0.105048199933131E+000 -0.144425179360197E+002 -0.710536787194957E+003
  0.100000000000000E+001  0.142455208938484E+004 -0.134327753667921E+001  0.632461130434345E+002 -0.341952245830010E+000  0.271477048772417E+000  0.260896039242802E-001 -0.144425179360197E+002 -0.712276044692418E+003
  0.100000000000000E+001  0.142453492697294E+004 -0.192717435789099E+001  0.675142761624882E+002 -0.199429035277643E+000  0.209749422800353E+000 -0.468568523972028E+000 -0.144425179360197E+002 -0.712267463486471E+003
  0.100000000000000E+001  0.142450205080199E+004 -0.110996110993398E+002  0.686247196942800E+002 -0.212852499604554E+000  0.222922151310985E+000 -0.455381889499703E+000 -0.144425179360197E+002 -0.712251025400996E+003
  0.100000000000000E+001  0.142107631195124E+004  0.908645146631007E+001  0.534755021163236E+002 -0.221756931682078E+000  0.350372117038154E+000 -0.100112107129092E+000 -0.144425179360197E+002 -0.710538155975619E+003
  0.100000000000000E+001  0.142112797708969E+004 -0.128650138370996E+002  0.685484915120847E+002 -0.295284065470290E+000  0.231734276849785E+000 -0.106575812559997E+000 -0.144425179360197E+002 -0.710563988544843E+003
  0.100000000000000E+001  0.141496180516383E+004 -0.538882140962025E+001  0.685409781997578E+002 -0.245336682014224E+000  0.347761106066446E+000 -0.843466883676811E-001 -0.144425179360197E+002 -0.707480902581913E+003
  0.100000000000000E+001  0.142118411452611E+004  0.810704346097238E+001  0.671796216161929E+002 -0.274941269817681E+000  0.227384810964509E+000 -0.579421951028660E-001 -0.144425179360197E+002 -0.710592057263054E+003
  0.100000000000000E+001  0.141505689718423E+004 -0.297024017701006E+000  0.688261960926308E+002 -0.361397660945278E+000  0.342549066512677E+000  0.586111104837350E-001 -0.144425179360197E+002 -0.707528448592114E+003
  0.100000000000000E+001  0.142434254654302E+004 -0.703464147321698E+001  0.687547942580756E+002 -0.215251676076344E+000  0.200800372649982E+000 -0.265818180577700E+000 -0.144425179360197E+002 -0.712171273271509E+003
  0.100000000000000E+001  0.142431790214835E+004 -0.106833596154524E+002  0.628669066391239E+002 -0.186131848082030E+000  0.323661763443633E+000 -0.764302550615191E+000 -0.144425179360197E+002 -0.712158951074173E+003
  0.100000000000000E+001  0.142428194158831E+004 -0.189320700801434E+002  0.628804774180818E+002 -0.187874534900724E+000  0.271437323763696E+000 -0.533749245806616E+000 -0.144425179360197E+002 -0.712140970794154E+003
  0.100000000000000E+001  0.142427166566494E+004 -0.156924853156145E+002  0.595912318637277E+002 -0.192437884708614E+000  0.293509286582405E+000 -0.671740755730255E+000 -0.144425179360197E+002 -0.712135832832472E+003
  0.100000000000000E+001  0.142417677720281E+004 -0.977555877349512E+001  0.633291958330429E+002 -0.160335658080058E+000  0.294571459860054E+000 -0.486286379305682E+000 -0.144425179360197E+002 -0.712088388601403E+003
  0.100000000000000E+001  0.142120235216834E+004  0.655996372554484E+001  0.712933725737927E+002 -0.263902793758463E+000  0.241322692265983E+000 -0.185472576968861E+000 -0.144425179360197E+002 -0.710601176084172E+003
  0.100000000000000E+001  0.142405413901330E+004 -0.308411094641128E+001  0.657806120236430E+002 -0.168973502223961E+000  0.297267386597055E+000 -0.472038900963378E+000 -0.144425179360197E+002 -0.712027069506652E+003
  0.100000000000000E+001  0.141523482219484E+004 -0.703778943631464E+001  0.617451871136398E+002 -0.269253611934861E+000  0.370404307405269E+000 -0.945286075818927E-001 -0.144425179360197E+002 -0.707617411097421E+003
  0.100000000000000E+001  0.142404214108618E+004 -0.125616580618872E+002  0.635398079686811E+002 -0.283086553962856E+000  0.220270077251170E+000 -0.193324502626396E+000 -0.144425179360197E+002 -0.712021070543090E+003
  0.100000000000000E+001  0.141366779655066E+004  0.366011579750028E+001  0.578619607215597E+002 -0.303704747841182E+000  0.343541867093631E+000 -0.251219696332967E-001 -0.144425179360197E+002 -0.706833898275332E+003
  0.100000000000000E+001  0.142398620806309E+004 -0.186424807923340E+002  0.661871621846312E+002 -0.203865396927662E+000  0.238267833789213E+000 -0.392037215114582E+000 -0.144425179360197E+002 -0.711993104031547E+003
  0.100000000000000E+001  0.142123349763439E+004  0.464637677845089E+001  0.573997109303491E+002 -0.310933958850943E+000  0.367173264972957E+000 -0.620227503717441E-001 -0.144425179360197E+002 -0.710616748817194E+003
  0.100000000000000E+001  0.142127997091879E+004 -0.189063189421862E+002  0.734181598808371E+002 -0.324808167954229E+000  0.305403573531969E+000 -0.530454398539604E-004 -0.144425179360197E+002 -0.710639985459394E+003
  0.100000000000000E+001  0.142340049552063E+004  0.347406399698650E+001  0.718929761471917E+002 -0.271963923946294E+000  0.291020093614662E+000 -0.126229026083694E+000 -0.144425179360197E+002 -0.711700247760313E+003
  0.100000000000000E+001  0.142394474592982E+004 -0.114209307456509E+002  0.687505585126536E+002 -0.302598808245077E+000  0.305726754158643E+000  0.513611159802636E-001 -0.144425179360197E+002 -0.711972372964908E+003
  0.100000000000000E+001  0.142383145921159E+004 -0.944408813606429E+000  0.608361315326154E+002 -0.151715715003674E+000  0.306985943897385E+000 -0.391107945593861E+000 -0.144425179360197E+002 -0.711915729605794E+003
  0.100000000000000E+001  0.142379006752581E+004  0.996189688130509E+001  0.602126222401128E+002 -0.172406100673469E+000  0.342690744306363E+000 -0.556643108312967E+000 -0.144425179360197E+002 -0.711895033762906E+003
  0.100000000000000E+001  0.142132380160064E+004  0.497768799662209E+001  0.692693405674581E+002 -0.265492152735833E+000  0.221728931751411E+000 -0.707252609232931E-001 -0.144425179360197E+002 -0.710661900800321E+003
  0.100000000000000E+001  0.141532129679297E+004 -0.184092159988477E+002  0.572862985957725E+002 -0.312738740942406E+000  0.365364488439420E+000 -0.517897891894314E-001 -0.144425179360197E+002 -0.707660648396484E+003
  0.100000000000000E+001  0.142368065335339E+004 -0.187661858332819E+002  0.647257035050373E+002 -0.226748480670694E+000  0.317486505687646E+000 -0.193206586856657E+000 -0.144425179360197E+002 -0.711840326676695E+003
  0.100000000000000E+001  0.142135032925974E+004  0.242453914609293E+000  0.667338087066690E+002 -0.216353084706107E+000  0.274828535257833E+000 -0.423474203283000E+000 -0.144425179360197E+002 -0.710675164629869E+003
  0.100000000000000E+001  0.142364615200208E+004  0.575381693573811E+001  0.658528470107543E+002 -0.268230895511916E+000  0.198917023417906E+000 -0.143901903668135E+000 -0.144425179360197E+002 -0.711823076001041E+003
  0.100000000000000E+001  0.142362829298047E+004 -0.165486176559947E+001  0.554211936629136E+002 -0.130880855616273E+000  0.332673994088546E+000 -0.613966904197042E+000 -0.144425179360197E+002 -0.711814146490233E+003
  0.100000000000000E+001  0.142138180689836E+004  0.729764423625746E+001  0.656220977819516E+002 -0.225645094961823E+000  0.300204159859354E+000 -0.238856109507260E+000 -0.144425179360197E+002 -0.710690903449181E+003
  0.100000000000000E+001  0.142349886357965E+004 -0.716698097604979E+001  0.574057843974638E+002 -0.252690932272936E+000  0.392299607398915E+000 -0.153054146937921E+000 -0.144425179360197E+002 -0.711749431789826E+003
  0.100000000000000E+001  0.142138838994066E+004 -0.743849205985866E+001  0.608038003825641E+002 -0.252420356730806E+000  0.261696200905676E+000 -0.180539817814026E+000 -0.144425179360197E+002 -0.710694194970331E+003
  0.100000000000000E+001  0.142348896088744E+004  0.604369810893684E+001  0.604202252704644E+002 -0.215772370877072E+000  0.289674054422520E+000 -0.100724849441672E+000 -0.144425179360197E+002 -0.711744480443721E+003
  0.100000000000000E+001  0.141370659794759E+004  0.926505281891944E+001  0.599952262502215E+002 -0.312399863358672E+000  0.355321768316104E+000 -0.284675755651538E-001 -0.144425179360197E+002 -0.706853298973794E+003
  0.100000000000000E+001  0.142347033299397E+004 -0.174274407755897E+002  0.672704749274206E+002 -0.192099763047728E+000  0.253531347637068E+000 -0.445456524286023E+000 -0.144425179360197E+002 -0.711735166496985E+003
  0.100000000000000E+001  0.142163849594179E+004 -0.102085982015130E+002  0.621865557135110E+002 -0.277924149516678E+000  0.240182588612383E+000 -0.112728247328372E+000 -0.144425179360197E+002 -0.710819247970894E+003
  0.100000000000000E+001  0.142226185678894E+004 -0.308045199107304E+001  0.691871774978047E+002 -0.255848998485485E+000  0.278205680044334E+000 -0.183234295740949E+000 -0.144425179360197E+002 -0.711130928394471E+003
  0.100000000000000E+001  0.142225115311514E+004 -0.146871475845080E+002  0.656138996856603E+002 -0.371740619101239E+000  0.321026644800318E+000  0.907180049159155E-001 -0.144425179360197E+002 -0.711125576557568E+003
  0.100000000000000E+001  0.142167792188213E+004 -0.744480868849127E+001  0.558460613348686E+002 -0.202379965313709E+000  0.335200754680301E+000 -0.857102075958309E-001 -0.144425179360197E+002 -0.710838960941064E+003
  0.100000000000000E+001  0.142169379328916E+004  0.448650029658868E+001  0.718708485739989E+002 -0.289692859732395E+000  0.273669726149287E+000 -0.741945256852539E-001 -0.144425179360197E+002 -0.710846896644579E+003
  0.100000000000000E+001  0.141210013838726E+004 -0.510898284544039E+001  0.591671340330880E+002 -0.288531807084239E+000  0.340091890034829E+000 -0.355024156690504E-001 -0.144425179360197E+002 -0.706050069193628E+003
  0.100000000000000E+001  0.142187645257976E+004 -0.139534090502452E+002  0.633406439655094E+002 -0.289661314143992E+000  0.236954064508002E+000 -0.674612951686058E-001 -0.144425179360197E+002 -0.710938226289879E+003
  0.100000000000000E+001  0.142195489168046E+004  0.108204663329817E+002  0.673540448934584E+002 -0.249684150395260E+000  0.215359010871046E+000 -0.213220503753696E+000 -0.144425179360197E+002 -0.710977445840228E+003
  0.100000000000000E+001  0.142198397589440E+004 -0.945746502811834E+001  0.667695852109387E+002 -0.315245873641025E+000  0.231334333336816E+000 -0.170850994087921E-001 -0.144425179360197E+002 -0.710991987947202E+003
  0.100000000000000E+001  0.142199466409137E+004 -0.163679535724115E+002  0.643999760767095E+002 -0.287276039224959E+000  0.328280408645152E+000 -0.984082725692144E-001 -0.144425179360197E+002 -0.710997332045687E+003
  0.100000000000000E+001  0.141629167656298E+004  0.160167671309533E+002  0.678013840324910E+002 -0.363980935558999E+000  0.337118858268552E+000  0.444081391168005E-001 -0.144425179360197E+002 -0.708145838281488E+003
  0.100000000000000E+001  0.141548862913164E+004 -0.528294014497441E+001  0.726439768775347E+002 -0.358168536773050E+000  0.339594187143931E+000  0.455365863146202E-001 -0.144425179360197E+002 -0.707744314565820E+003
  0.100000000000000E+001  0.141598255184860E+004  0.127551245941056E+002  0.741038349500479E+002 -0.360317554796304E+000  0.360890924491192E+000  0.125281265046411E-001 -0.144425179360197E+002 -0.707991275924299E+003
  0.100000000000000E+001  0.141577737743941E+004  0.128922598538946E+002  0.728078123987420E+002 -0.347879203065577E+000  0.362644289084963E+000 -0.488378385613686E-002 -0.144425179360197E+002 -0.707888688719707E+003
  0.100000000000000E+001  0.141540570969427E+004  0.162399900564957E+002  0.611738981165592E+002 -0.219171839127883E+000  0.365419301054956E+000 -0.146414916603138E+000 -0.144425179360197E+002 -0.707702854847137E+003
  0.100000000000000E+001  0.141503581666671E+004  0.149677728004506E+002  0.731798301938075E+002 -0.363407815502156E+000  0.345396063889244E+000  0.387018316787966E-001 -0.144425179360197E+002 -0.707517908333356E+003
  0.100000000000000E+001  0.141441714351737E+004  0.122587555390959E+002  0.651505616815160E+002 -0.295231869854421E+000  0.323486337488525E+000  0.954832830097985E-002 -0.144425179360197E+002 -0.707208571758684E+003
  0.100000000000000E+001  0.141431215040242E+004  0.171029547936053E+002  0.585767443096370E+002 -0.206296379258236E+000  0.385121668738325E+000 -0.191207895208958E+000 -0.144425179360197E+002 -0.707156075201212E+003
  0.100000000000000E+001  0.141616024538963E+004 -0.112576524825137E+002  0.674086705618611E+002 -0.376500656759247E+000  0.353777438691958E+000  0.397256859495769E-001 -0.144425179360197E+002 -0.708080122694817E+003
  0.100000000000000E+001  0.141557735963104E+004  0.266716661769932E+001  0.680904846461197E+002 -0.375960421496491E+000  0.352936949165912E+000  0.592392010700156E-001 -0.144425179360197E+002 -0.707788679815518E+003
  0.100000000000000E+001  0.141598806114773E+004  0.226845853307387E+001  0.659944003242764E+002 -0.240252959130124E+000  0.347946432534124E+000 -0.817915701342784E-001 -0.144425179360197E+002 -0.707994030573867E+003
  0.100000000000000E+001  0.141575667179238E+004 -0.107364709269775E+002  0.589947542004518E+002 -0.216430636952439E+000  0.330752197420717E+000 -0.754904876257712E-001 -0.144425179360197E+002 -0.707878335896189E+003
  0.100000000000000E+001  0.141577108645478E+004 -0.143766088212531E+002  0.648980598188070E+002 -0.285580395548199E+000  0.323719769164862E+000 -0.228048532767655E-001 -0.144425179360197E+002 -0.707885543227390E+003
  0.100000000000000E+001  0.141218930875142E+004 -0.794254371859963E+001  0.669213808339939E+002 -0.336528815678603E+000  0.346230535816243E+000  0.337169296235373E-002 -0.144425179360197E+002 -0.706094654375711E+003
  0.100000000000000E+001  0.141324713872395E+004  0.127852692009689E+002  0.672108220562641E+002 -0.281364370156325E+000  0.324606167223564E+000 -0.161128823095673E-001 -0.144425179360197E+002 -0.706623569361977E+003
  0.100000000000000E+001  0.141220238485503E+004 -0.104789111203626E+002  0.708163075661804E+002 -0.316582555370314E+000  0.333888519500566E+000  0.639684632980142E-002 -0.144425179360197E+002 -0.706101192427517E+003
  0.100000000000000E+001  0.141308537386667E+004  0.145386148005778E+002  0.631632821794546E+002 -0.245482707094476E+000  0.363803693792017E+000 -0.119988514411009E+000 -0.144425179360197E+002 -0.706542686933336E+003
  0.100000000000000E+001  0.141277805568811E+004  0.178318002471802E+002  0.654140609838238E+002 -0.276417530086955E+000  0.351916100301142E+000 -0.711716372669127E-001 -0.144425179360197E+002 -0.706389027844056E+003
  0.100000000000000E+001  0.141214051192634E+004  0.152120243389700E+002  0.638380576472213E+002 -0.272962723392390E+000  0.336792427417725E+000 -0.478072637616869E-001 -0.144425179360197E+002 -0.706070255963169E+003
  0.100000000000000E+001  0.141226567560628E+004 -0.484657218046938E+001  0.620489373098252E+002 -0.259773843176331E+000  0.344817379799284E+000 -0.736648003469682E-001 -0.144425179360197E+002 -0.706132837803140E+003
  0.100000000000000E+001  0.141383800299560E+004 -0.354171950161866E+001  0.635447258932290E+002 -0.281087297283825E+000  0.344363282279410E+000 -0.276969321473057E-001 -0.144425179360197E+002 -0.706919001497799E+003
  0.100000000000000E+001  0.141369829602437E+004 -0.194540010793715E+002  0.700085084331252E+002 -0.323709752143196E+000  0.348675236427795E+000 -0.286135281959332E-002 -0.144425179360197E+002 -0.706849148012185E+003
  0.100000000000000E+001  0.141369337341189E+004 -0.118147386943778E+002  0.588775901321264E+002 -0.278903664686437E+000  0.331419333037451E+000 -0.238307055703384E-001 -0.144425179360197E+002 -0.706846686705943E+003
  0.100000000000000E+001  0.141363775815876E+004 -0.149725881800132E+002  0.653018713170765E+002 -0.323433779450050E+000  0.324903922791839E+000  0.206084710755565E-001 -0.144425179360197E+002 -0.706818879079379E+003
  0.100000000000000E+001  0.141346575645114E+004 -0.140121810598944E+002  0.655174341271589E+002 -0.285120786327060E+000  0.317057005212799E+000  0.373014043494990E-002 -0.144425179360197E+002 -0.706732878225572E+003
  0.100000000000000E+001  0.141346359568729E+004 -0.868707977673961E+001  0.594110547023951E+002 -0.256416384314033E+000  0.364524891468717E+000 -0.100360904941477E+000 -0.144425179360197E+002 -0.706731797843647E+003
  0.100000000000000E+001  0.141234717258992E+004 -0.119712849941955E+000  0.613086887217419E+002 -0.283332027433193E+000  0.334823350892307E+000 -0.337502337299505E-001 -0.144425179360197E+002 -0.706173586294961E+003
  0.100000000000000E+001  0.141339329531111E+004 -0.929828837928671E+001  0.640164063745069E+002 -0.320801166881880E+000  0.361728749467206E+000 -0.393667366539123E-001 -0.144425179360197E+002 -0.706696647655556E+003
  0.100000000000000E+001  0.141329862679972E+004 -0.121686515368812E+002  0.599339875703215E+002 -0.314621667038104E+000  0.349627018709562E+000 -0.253850816778574E-001 -0.144425179360197E+002 -0.706649313399862E+003
  0.100000000000000E+001  0.141306668337492E+004 -0.639877082280115E+001  0.661253210066451E+002 -0.302000726810502E+000  0.358136213534319E+000 -0.395431172276588E-001 -0.144425179360197E+002 -0.706533341687460E+003
  0.100000000000000E+001  0.141237041172596E+004 -0.188079130898455E+000  0.633042540334135E+002 -0.243587243499764E+000  0.342199680656488E+000 -0.804087040084465E-001 -0.144425179360197E+002 -0.706185205862982E+003
  0.100000000000000E+001  0.141292832535452E+004 -0.903903620536657E+001  0.634185431319183E+002 -0.287933450042688E+000  0.355683816504717E+000 -0.668822294064277E-001 -0.144425179360197E+002 -0.706464162677259E+003
  0.100000000000000E+001  0.141291065468122E+004 -0.130133798434793E+002  0.597574182648557E+002 -0.270144310990607E+000  0.352353748147741E+000 -0.625296033752694E-001 -0.144425179360197E+002 -0.706455327340612E+003
  0.100000000000000E+001  0.141282473073673E+004  0.110028754022448E+000  0.634980102762670E+002 -0.290943998141898E+000  0.367235735992524E+000 -0.745786216963200E-001 -0.144425179360197E+002 -0.706412365368365E+003
  0.100000000000000E+001  0.141258487661115E+004 -0.979982971511675E+001  0.674252942382727E+002 -0.344014629518434E+000  0.343682302734949E+000  0.276090504720887E-001 -0.144425179360197E+002 -0.706292438305575E+003
  0.100000000000000E+001  0.141274195995362E+004 -0.553166390768507E+001  0.606428532064334E+002 -0.267397468197595E+000  0.363966488414090E+000 -0.895794356745956E-001 -0.144425179360197E+002 -0.706370979976811E+003
  0.100000000000000E+001  0.141267133339360E+004 -0.160087161380009E+002  0.671971791793648E+002 -0.317625684013324E+000  0.322952713788764E+000  0.256967023468402E-001 -0.144425179360197E+002 -0.706335666696799E+003
  0.100000000000000E+001  0.141265246328699E+004 -0.106161873624172E+002  0.667019525072067E+002 -0.342735804121345E+000  0.340047452265051E+000  0.195526382437023E-001 -0.144425179360197E+002 -0.706326231643496E+003
  0.100000000000000E+001  0.141263640710628E+004 -0.476082182015600E+001  0.625370131877060E+002 -0.294801376633284E+000  0.366584856047433E+000 -0.684429225471597E-001 -0.144425179360197E+002 -0.706318203553141E+003
  0.100000000000000E+001  0.141263594836575E+004 -0.108651264009800E+001  0.705927571288821E+002 -0.349264064131356E+000  0.357601857136407E+000  0.497813224027865E-002 -0.144425179360197E+002 -0.706317974182875E+003
  0.100000000000000E+001  0.141196090244651E+004  0.134210555018771E+002  0.616145557216675E+002 -0.227188040758380E+000  0.372014467713321E+000 -0.147141074744018E+000 -0.144425179360197E+002 -0.705980451223256E+003
  0.100000000000000E+001  0.141151662823026E+004  0.133337135166773E+002  0.631824940500840E+002 -0.252174966871150E+000  0.366411025803704E+000 -0.112566221096893E+000 -0.144425179360197E+002 -0.705758314115132E+003
  0.100000000000000E+001  0.141150579653342E+004  0.133241865562374E+002  0.609999303615428E+002 -0.276636480193656E+000  0.357788613716012E+000 -0.794430595976241E-001 -0.144425179360197E+002 -0.705752898266710E+003
  0.100000000000000E+001  0.141111485809281E+004  0.124532566316908E+002  0.600690887260172E+002 -0.252068633939256E+000  0.373241567958625E+000 -0.129424357502030E+000 -0.144425179360197E+002 -0.705557429046405E+003
  0.100000000000000E+001  0.141101987015288E+004  0.168240247222531E+002  0.671457250584493E+002 -0.317555635739159E+000  0.349124996418464E+000 -0.139191160976075E-001 -0.144425179360197E+002 -0.705509935076442E+003
  0.100000000000000E+001  0.141081901302646E+004  0.179464506061695E+002  0.681419083782258E+002 -0.337304548097415E+000  0.350844001052680E+000 -0.536309309584482E-003 -0.144425179360197E+002 -0.705409506513229E+003
  0.100000000000000E+001  0.141068235656753E+004  0.144455385156130E+002  0.611772050804245E+002 -0.281135942968199E+000  0.343963997396040E+000 -0.427021753516250E-001 -0.144425179360197E+002 -0.705341178283767E+003
  0.100000000000000E+001  0.141066884949376E+004  0.152703308104458E+002  0.583133704002219E+002 -0.275530026385210E+000  0.360190014879088E+000 -0.808635345585547E-001 -0.144425179360197E+002 -0.705334424746879E+003
  0.100000000000000E+001  0.141199197522620E+004 -0.199906781279848E+001  0.695437492683290E+002 -0.293905279769985E+000  0.351135500605485E+000 -0.480748627710526E-001 -0.144425179360197E+002 -0.705995987613099E+003
  0.100000000000000E+001  0.141198142150957E+004 -0.161988349675042E+002  0.670275453633671E+002 -0.278540656059256E+000  0.367215493329454E+000 -0.920451075593185E-001 -0.144425179360197E+002 -0.705990710754783E+003
  0.100000000000000E+001  0.141178126951850E+004 -0.152487461863614E+001  0.596334292460302E+002 -0.273302017326753E+000  0.338186947914597E+000 -0.467500747429668E-001 -0.144425179360197E+002 -0.705890634759249E+003
  0.100000000000000E+001  0.141177450453650E+004 -0.189165134268359E+002  0.638541261227082E+002 -0.344701900572378E+000  0.350450971828921E+000  0.861552035895485E-002 -0.144425179360197E+002 -0.705887252268252E+003
  0.100000000000000E+001  0.141176925329145E+004 -0.336478461221881E+001  0.599215177597241E+002 -0.309376295240152E+000  0.346028597251823E+000 -0.196195649540769E-001 -0.144425179360197E+002 -0.705884626645726E+003
  0.100000000000000E+001  0.141167608010142E+004 -0.627345745578887E+001  0.613612267449985E+002 -0.270956996472772E+000  0.377874305838013E+000 -0.119005317643937E+000 -0.144425179360197E+002 -0.705838040050710E+003
  0.100000000000000E+001  0.141167038869833E+004 -0.136177393039746E+002  0.606667950118617E+002 -0.236591538561566E+000  0.342045721797941E+000 -0.788443824664533E-001 -0.144425179360197E+002 -0.705835194349166E+003
  0.100000000000000E+001  0.141134909764684E+004 -0.170694565050369E+002  0.626839359839466E+002 -0.231644610493767E+000  0.371474256531432E+000 -0.143807804458218E+000 -0.144425179360197E+002 -0.705674548823421E+003
  0.100000000000000E+001  0.141115867320369E+004 -0.582374926187462E+000  0.651625143268069E+002 -0.234892555328151E+000  0.342689898376870E+000 -0.841548111518922E-001 -0.144425179360197E+002 -0.705579336601847E+003
  0.100000000000000E+001  0.141114463462137E+004 -0.169606192194291E+000  0.684828653517722E+002 -0.294816907506445E+000  0.332553568645455E+000 -0.153951712968077E-001 -0.144425179360197E+002 -0.705572317310684E+003
  0.100000000000000E+001  0.141091307578523E+004 -0.792004104336563E+001  0.645679717630734E+002 -0.268778322866585E+000  0.358685408820333E+000 -0.878948727401134E-001 -0.144425179360197E+002 -0.705456537892614E+003
  0.100000000000000E+001  0.141090891316355E+004 -0.194266732494680E+002  0.648182269966101E+002 -0.291694854123054E+000  0.348621503188666E+000 -0.382464979293768E-001 -0.144425179360197E+002 -0.705454456581775E+003
  0.100000000000000E+001  0.141082772857917E+004 -0.152806451880723E+002  0.649052156620931E+002 -0.241788928968620E+000  0.357983938802537E+000 -0.108941396620610E+000 -0.144425179360197E+002 -0.705413864289585E+003
  0.100000000000000E+001  0.141077533183577E+004 -0.188917659634693E+002  0.642336857612432E+002 -0.278787895395047E+000  0.356154606109891E+000 -0.665340896189051E-001 -0.144425179360197E+002 -0.705387665917885E+003
  0.100000000000000E+001  0.141066845495912E+004 -0.152208187880455E+002  0.682133955660697E+002 -0.321327472808600E+000  0.334452720089934E+000  0.782607696347348E-002 -0.144425179360197E+002 -0.705334227479562E+003
  0.100000000000000E+001  0.141177941939560E+004  0.383585548044923E+001  0.607173576187241E+002 -0.210258673056472E+000  0.360290596020791E+000 -0.136509622858625E+000 -0.144425179360197E+002 -0.705889709697801E+003
  0.100000000000000E+001  0.141127516096656E+004  0.322224319393892E+001  0.620393007374344E+002 -0.258944695070960E+000  0.336918174410000E+000 -0.573653553023341E-001 -0.144425179360197E+002 -0.705637580483282E+003
  0.100000000000000E+001  0.141078133756033E+004  0.373229051200915E+001  0.678004965413387E+002 -0.272412461472327E+000  0.350285165718125E+000 -0.644655025229621E-001 -0.144425179360197E+002 -0.705390668780165E+003
  0.100000000000000E+001  0.141061718351539E+004  0.105296755683334E+002  0.592672848517049E+002 -0.288407910873576E+000  0.341276161161945E+000 -0.341962456735754E-001 -0.144425179360197E+002 -0.705308591757694E+003
  0.100000000000000E+001  0.141107568159789E+004  0.800244329853956E+001  0.653148529180990E+002 -0.284534100257732E+000  0.343965233543018E+000 -0.376434660583751E-001 -0.144425179360197E+002 -0.705537840798947E+003
  0.100000000000000E+001  0.141047536075000E+004  0.189420520891365E+002  0.574806472311888E+002 -0.307370027020528E+000  0.360567495123705E+000 -0.491566962720906E-001 -0.144425179360197E+002 -0.705237680375001E+003
  0.100000000000000E+001  0.141036870839436E+004  0.151928108165695E+002  0.631377800527987E+002 -0.247528191289001E+000  0.363372060920452E+000 -0.112061401267935E+000 -0.144425179360197E+002 -0.705184354197180E+003
  0.100000000000000E+001  0.141016246136997E+004  0.171129835284808E+002  0.671564828077815E+002 -0.285716047880143E+000  0.354020615048706E+000 -0.581087407658032E-001 -0.144425179360197E+002 -0.705081230684984E+003
  0.100000000000000E+001  0.140979507279495E+004  0.194983528701421E+002  0.645374779560637E+002 -0.258012290357933E+000  0.359534866520256E+000 -0.960569795490755E-001 -0.144425179360197E+002 -0.704897536397474E+003
  0.100000000000000E+001  0.140972126201166E+004  0.178173914938487E+002  0.619093300052450E+002 -0.249808171174041E+000  0.358306389953045E+000 -0.103313660196498E+000 -0.144425179360197E+002 -0.704860631005828E+003
  0.100000000000000E+001  0.140963961656185E+004  0.162748058040578E+002  0.679356717206704E+002 -0.316039051466916E+000  0.341658204186304E+000 -0.590642586297285E-002 -0.144425179360197E+002 -0.704819808280927E+003
  0.100000000000000E+001  0.140930878210745E+004  0.185319617679081E+002  0.641094391344810E+002 -0.295202382471720E+000  0.355723698837872E+000 -0.551047105278428E-001 -0.144425179360197E+002 -0.704654391053726E+003
  0.100000000000000E+001  0.140926074206742E+004  0.153745776828648E+002  0.687520971574233E+002 -0.324752766726470E+000  0.361857779291800E+000 -0.316879679587707E-001 -0.144425179360197E+002 -0.704630371033708E+003
  0.100000000000000E+001  0.141026774345044E+004 -0.515518939800128E+001  0.667469963270322E+002 -0.273460159515961E+000  0.342618609539739E+000 -0.531143188968670E-001 -0.144425179360197E+002 -0.705133871725220E+003
  0.100000000000000E+001  0.141023329144327E+004 -0.804545517793732E+001  0.626226155955365E+002 -0.224928379880718E+000  0.353257775166517E+000 -0.112165450476576E+000 -0.144425179360197E+002 -0.705116645721637E+003
  0.100000000000000E+001  0.141015824720717E+004 -0.115642410939957E+002  0.570439727941351E+002 -0.239274060149221E+000  0.362233385369496E+000 -0.118978389039730E+000 -0.144425179360197E+002 -0.705079123603585E+003
  0.100000000000000E+001  0.141004334149908E+004 -0.140420103039086E+002  0.608997955594919E+002 -0.272024908007302E+000  0.360226811627745E+000 -0.866664889920319E-001 -0.144425179360197E+002 -0.705021670749542E+003
  0.100000000000000E+001  0.140999065226618E+004 -0.108570402301328E+002  0.663544509360063E+002 -0.294480579655764E+000  0.360680063492902E+000 -0.620020905305800E-001 -0.144425179360197E+002 -0.704995326133091E+003
  0.100000000000000E+001  0.140976277845548E+004 -0.153990683469263E+002  0.660492675969776E+002 -0.313590398126738E+000  0.334968714474698E+000 -0.937622656945081E-003 -0.144425179360197E+002 -0.704881389227741E+003
  0.100000000000000E+001  0.140952500825249E+004 -0.580986132992297E+001  0.626543159562910E+002 -0.249982917452693E+000  0.352006204768674E+000 -0.911732831825791E-001 -0.144425179360197E+002 -0.704762504126245E+003
  0.100000000000000E+001  0.140944132446403E+004 -0.123776456968672E+002  0.607577109632152E+002 -0.260042324306900E+000  0.360674303577625E+000 -0.982953997191753E-001 -0.144425179360197E+002 -0.704720662232017E+003
  0.100000000000000E+001  0.140939897525700E+004 -0.945395882556221E+001  0.626284831000300E+002 -0.256969385680290E+000  0.361013403151919E+000 -0.993301735413095E-001 -0.144425179360197E+002 -0.704699487628500E+003
  0.100000000000000E+001  0.140931336559327E+004 -0.971724457861258E+001  0.632508341296654E+002 -0.257107036387855E+000  0.360251831969257E+000 -0.981830004300672E-001 -0.144425179360197E+002 -0.704656682796635E+003
  0.100000000000000E+001  0.140927120629063E+004 -0.191094081770649E+002  0.625168908880772E+002 -0.291186237705607E+000  0.345102077238931E+000 -0.364186927944044E-001 -0.144425179360197E+002 -0.704635603145313E+003
  0.100000000000000E+001  0.141030803660294E+004  0.110331838978808E+002  0.599081887418535E+002 -0.247342093077631E+000  0.367370795967914E+000 -0.120676090178270E+000 -0.144425179360197E+002 -0.705154018301471E+003
  0.100000000000000E+001  0.141025452114606E+004  0.952069273994844E+001  0.660242890682682E+002 -0.298648160136952E+000  0.347004539860930E+000 -0.377774031211011E-001 -0.144425179360197E+002 -0.705127260573030E+003
  0.100000000000000E+001  0.141006936518901E+004  0.375140673950005E+001  0.614378256707013E+002 -0.309707733606706E+000  0.359173997397987E+000 -0.425248898297106E-001 -0.144425179360197E+002 -0.705034682594507E+003
  0.100000000000000E+001  0.140972652403455E+004  0.351314189154277E+001  0.665572998570410E+002 -0.318793308610818E+000  0.336710838756355E+000  0.177217610864311E-002 -0.144425179360197E+002 -0.704863262017274E+003
  0.100000000000000E+001  0.140970409422752E+004  0.584956534413172E+001  0.626734372718072E+002 -0.263861365837281E+000  0.336118029453569E+000 -0.497614847054741E-001 -0.144425179360197E+002 -0.704852047113760E+003
  0.100000000000000E+001  0.140967498907358E+004  0.850615345905062E+001  0.671211654155192E+002 -0.337333900336277E+000  0.351958570649451E+000 -0.376816268124358E-003 -0.144425179360197E+002 -0.704837494536788E+003
  0.100000000000000E+001  0.140930991219211E+004  0.695423564486639E+001  0.625887218465664E+002 -0.286279660785593E+000  0.364821097038273E+000 -0.785913859304213E-001 -0.144425179360197E+002 -0.704654956096055E+003
  0.100000000000000E+001  0.141023274803362E+004  0.754349571812427E+001  0.644289702551817E+002 -0.290948767888542E+000  0.349674078681048E+000 -0.426701061478152E-001 -0.144425179360197E+002 -0.705116374016810E+003
  0.100000000000000E+001  0.141019604529811E+004  0.866202135970677E+001  0.636716239239283E+002 -0.292677501707346E+000  0.340049748734080E+000 -0.320941065445250E-001 -0.144425179360197E+002 -0.705098022649054E+003
  0.100000000000000E+001  0.140908965638109E+004  0.159126338908877E+002  0.656415658404182E+002 -0.298226504872801E+000  0.339943150972887E+000 -0.252801214144807E-001 -0.144425179360197E+002 -0.704544828190545E+003
  0.100000000000000E+001  0.140919292265653E+004 -0.154685033135914E+002  0.662094193855622E+002 -0.302904701447914E+000  0.321335314935761E+000  0.119356831042232E-001 -0.144425179360197E+002 -0.704596461328263E+003
  0.100000000000000E+001  0.140913944294003E+004 -0.364901162103322E+001  0.656513796517026E+002 -0.290310485086963E+000  0.348483553787331E+000 -0.475172951117315E-001 -0.144425179360197E+002 -0.704569721470017E+003
  0.100000000000000E+001  0.140912984431850E+004 -0.600510996863182E+001  0.659464979217129E+002 -0.290113129850516E+000  0.347096599451424E+000 -0.457766895963623E-001 -0.144425179360197E+002 -0.704564922159249E+003
  0.100000000000000E+001  0.140908907239782E+004 -0.101198515471397E+002  0.660849651548325E+002 -0.330081802795329E+000  0.343158589237399E+000  0.617926780156886E-002 -0.144425179360197E+002 -0.704544536198908E+003
  0.100000000000000E+001  0.140907709340179E+004 -0.146489841327377E+002  0.563086673465414E+002 -0.221262397518500E+000  0.354301632429605E+000 -0.117361540124715E+000 -0.144425179360197E+002 -0.704538546700895E+003
  0.100000000000000E+001  0.140906304776885E+004 -0.563276753109592E+001  0.623600590603002E+002 -0.306109857043404E+000  0.355428967604312E+000 -0.402129148287127E-001 -0.144425179360197E+002 -0.704531523884427E+003
  0.100000000000000E+001  0.140906048633055E+004 -0.101584791716851E+002  0.664138936109144E+002 -0.303633854544922E+000  0.335753895769257E+000 -0.100343824942879E-001 -0.144425179360197E+002 -0.704530243165275E+003
  0.100000000000000E+001  0.140904042747814E+004 -0.148905046308901E+002  0.603098474763084E+002 -0.277942678146140E+000  0.343508017139142E+000 -0.471558802471996E-001 -0.144425179360197E+002 -0.704520213739072E+003
  0.100000000000000E+001  0.140889060044671E+004 -0.116145526355830E+002  0.642917400493725E+002 -0.321370416351778E+000  0.350807170053063E+000 -0.162911765303857E-001 -0.144425179360197E+002 -0.704445300223356E+003
  0.100000000000000E+001  0.140866867738372E+004 -0.163928119038372E+002  0.643622735795448E+002 -0.280887741286733E+000  0.348661324367670E+000 -0.531712174881136E-001 -0.144425179360197E+002 -0.704334338691858E+003
  0.100000000000000E+001  0.140856051465304E+004 -0.109595647272297E+002  0.624366648568951E+002 -0.265772657346439E+000  0.343410212127921E+000 -0.589422057306539E-001 -0.144425179360197E+002 -0.704280257326519E+003
  0.100000000000000E+001  0.140842352751766E+004 -0.915570970270203E+001  0.584926053382880E+002 -0.295747407708808E+000  0.359625119255766E+000 -0.600307623713139E-001 -0.144425179360197E+002 -0.704211763758830E+003
  0.100000000000000E+001  0.140842178872768E+004 -0.173604551623211E+002  0.638310504012424E+002 -0.292056992148500E+000  0.355923690053759E+000 -0.561829983834130E-001 -0.144425179360197E+002 -0.704210894363840E+003
  0.100000000000000E+001  0.140876556281557E+004  0.860162421825288E+001  0.640606022543840E+002 -0.302902125543480E+000  0.345816332618610E+000 -0.298956188176742E-001 -0.144425179360197E+002 -0.704382781407783E+003
  0.100000000000000E+001  0.140870464331193E+004  0.938909710046228E+001  0.631210003183047E+002 -0.310260766737129E+000  0.340768597090788E+000 -0.107193529325240E-001 -0.144425179360197E+002 -0.704352321655967E+003
  0.100000000000000E+001  0.140852315138679E+004  0.117363075623212E+002  0.610750000827099E+002 -0.268017806981036E+000  0.354778093919713E+000 -0.796570931771683E-001 -0.144425179360197E+002 -0.704261575693396E+003
  0.100000000000000E+001  0.140841852643610E+004  0.983681491025882E+001  0.612343599654916E+002 -0.270951885483142E+000  0.350559853586359E+000 -0.673300797888814E-001 -0.144425179360197E+002 -0.704209263218052E+003
  0.100000000000000E+001  0.140912593337051E+004  0.326012765160253E+001  0.654861215507244E+002 -0.350637808194302E+000  0.354833675497598E+000  0.101426471682675E-001 -0.144425179360197E+002 -0.704562966685256E+003
  0.100000000000000E+001  0.140911670854770E+004  0.374586536743609E+001  0.655682235889881E+002 -0.355531247561889E+000  0.353750763789547E+000  0.176648778178379E-001 -0.144425179360197E+002 -0.704558354273852E+003
  0.100000000000000E+001  0.140891580277722E+004  0.232684076464489E+001  0.652563113494002E+002 -0.316002644288153E+000  0.332341058484835E+000  0.681425184478712E-002 -0.144425179360197E+002 -0.704457901388608E+003
  0.100000000000000E+001  0.140887931989261E+004  0.246982696053126E+001  0.652010936577737E+002 -0.309921996494405E+000  0.332251856520975E+000  0.726771969276285E-003 -0.144425179360197E+002 -0.704439659946303E+003
  0.100000000000000E+001  0.140874379817572E+004  0.230484925760992E+001  0.646752723729551E+002 -0.304499353153715E+000  0.338864794525586E+000 -0.162101145465119E-001 -0.144425179360197E+002 -0.704371899087861E+003
  0.100000000000000E+001  0.140919811619957E+004  0.321364175545863E+001  0.596801942603844E+002 -0.241232723619103E+000  0.347556885319621E+000 -0.892056212340222E-001 -0.144425179360197E+002 -0.704599058099787E+003
  0.100000000000000E+001  0.140909397731377E+004  0.528384883465080E+001  0.635060360032904E+002 -0.248736815701400E+000  0.353985523732647E+000 -0.953857187050087E-001 -0.144425179360197E+002 -0.704546988656883E+003
  0.100000000000000E+001  0.140819612929578E+004  0.153235739908110E+002  0.620023316966036E+002 -0.287111399244893E+000  0.355495986880699E+000 -0.609579257863579E-001 -0.144425179360197E+002 -0.704098064647892E+003
  0.100000000000000E+001  0.140810985962338E+004  0.187764676969215E+002  0.648241472002580E+002 -0.290850563379142E+000  0.350912561729456E+000 -0.487401450523333E-001 -0.144425179360197E+002 -0.704054929811689E+003
  0.100000000000000E+001  0.140806387445024E+004 -0.160284585055099E+002  0.649566977249421E+002 -0.281461354295500E+000  0.356316307897462E+000 -0.683432603790806E-001 -0.144425179360197E+002 -0.704031937225120E+003
  0.100000000000000E+001  0.140788307501521E+004 -0.779639144116431E+001  0.645658000642888E+002 -0.272292246363729E+000  0.337727614946762E+000 -0.439265066633947E-001 -0.144425179360197E+002 -0.703941537507605E+003
  0.100000000000000E+001  0.140834619487051E+004  0.425139043095042E+001  0.605914071177378E+002 -0.268271545464125E+000  0.342654700727483E+000 -0.561987640136188E-001 -0.144425179360197E+002 -0.704173097435256E+003
  0.100000000000000E+001  0.140821956401734E+004  0.324561012973754E+001  0.622845479698377E+002 -0.288587519403975E+000  0.354693276047350E+000 -0.579027755703603E-001 -0.144425179360197E+002 -0.704109782008668E+003
  0.100000000000000E+001  0.140820147405415E+004  0.603265628243509E+001  0.632705154335611E+002 -0.269857035602699E+000  0.351877088787246E+000 -0.697274942240398E-001 -0.144425179360197E+002 -0.704100737027073E+003
  0.100000000000000E+001  0.140764259060849E+004 -0.169928015816500E+002  0.649450468014617E+002 -0.287005603000570E+000  0.325227883199952E+000 -0.920631825472995E-002 -0.144425179360197E+002 -0.703821295304245E+003
  0.100000000000000E+001  0.140725692875795E+004 -0.174044211436369E+002  0.635127719785157E+002 -0.266689263837163E+000  0.353739611975950E+000 -0.785401178280782E-001 -0.144425179360197E+002 -0.703628464378973E+003
  0.100000000000000E+001  0.140659120789593E+004  0.166000655589708E+002  0.681611840860714E+002 -0.279320940682739E+000  0.337820388148552E+000 -0.379471378721536E-001 -0.144425179360197E+002 -0.703295603947963E+003
  0.100000000000000E+001  0.140647283411185E+004  0.104849311009830E+002  0.638211472270419E+002 -0.250300212979801E+000  0.347989759111133E+000 -0.821029104646023E-001 -0.144425179360197E+002 -0.703236417055927E+003
  0.100000000000000E+001  0.140646857129716E+004  0.101429781007477E+002  0.625254792474379E+002 -0.235977089803080E+000  0.350367663210273E+000 -0.983825923492780E-001 -0.144425179360197E+002 -0.703234285648582E+003
  0.100000000000000E+001  0.140658982580424E+004  0.595083348627647E+001  0.652197738960639E+002 -0.317667851003647E+000  0.349518129022047E+000 -0.191560579077095E-001 -0.144425179360197E+002 -0.703294912902119E+003
  0.100000000000000E+001  0.140612781429735E+004  0.883576460122327E+001  0.626182758539769E+002 -0.225731462055932E+000  0.350726864902198E+000 -0.106986033567804E+000 -0.144425179360197E+002 -0.703063907148677E+003
  0.100000000000000E+001  0.140610461428717E+004  0.701024177670851E+001  0.655440093687061E+002 -0.293324511234755E+000  0.346368854183016E+000 -0.393060774987948E-001 -0.144425179360197E+002 -0.703052307143587E+003
  0.100000000000000E+001  0.140538378168271E+004  0.721987233788999E+001  0.653081918271594E+002 -0.317702733052961E+000  0.348245230361462E+000 -0.170739547115222E-001 -0.144425179360197E+002 -0.702691890841355E+003
  0.100000000000000E+001  0.140453185657978E+004  0.319681084197065E+001  0.646469336855850E+002 -0.305559885038670E+000  0.335731852542719E+000 -0.909171897760963E-002 -0.144425179360197E+002 -0.702265928289892E+003
  0.100000000000000E+001  0.140491213595923E+004 -0.142148101577620E+002  0.639801871861905E+002 -0.301744797563069E+000  0.344269054258279E+000 -0.272492630988310E-001 -0.144425179360197E+002 -0.702456067979615E+003
  0.100000000000000E+001  0.140407313518916E+004  0.104802021408497E+002  0.639821953839004E+002 -0.248900907166694E+000  0.347600010416916E+000 -0.825815335788569E-001 -0.144425179360197E+002 -0.702036567594580E+003
  0.100000000000000E+001  0.140351856787099E+004 -0.182094259027152E+002  0.642424335412419E+002 -0.281211170921047E+000  0.343853825371721E+000 -0.468036382148522E-001 -0.144425179360197E+002 -0.701759283935496E+003
