 -0.192525184812900E+002  0.733701295628735E+002 -0.590355806506891E+000  0.242727830048203E+001 -0.114467856624657E+002 -0.734925608527851E+003 -0.734925608527851E+003
 -0.192597491255635E+002  0.730712489914904E+002 -0.584453827472377E+000  0.231993754337496E+001 -0.114467856624657E+002 -0.734867929898915E+003 -0.734867929898915E+003
 -0.192667185176739E+002  0.729145257868782E+002 -0.580643848146515E+000  0.225382054854397E+001 -0.114467856624657E+002 -0.734897682297415E+003 -0.734897682297415E+003
 -0.192421385173469E+002  0.736934760487186E+002 -0.569870502803864E+000  0.213756532734256E+001 -0.114467856624657E+002 -0.734921927823723E+003 -0.734921927823723E+003
 -0.192575152994950E+002  0.731252369484730E+002 -0.575123973850308E+000  0.225231944888477E+001 -0.114467856624657E+002 -0.734837468972695E+003 -0.734837468972695E+003
 -0.192513221756093E+002  0.733763609579157E+002 -0.564023950537478E+000  0.216880982986262E+001 -0.114467856624657E+002 -0.734819806430797E+003 -0.734819806430797E+003
 -0.192619749884444E+002  0.730183483834673E+002 -0.579420539206179E+000  0.231395956590200E+001 -0.114467856624657E+002 -0.734838460818940E+003 -0.734838460818940E+003
 -0.192478069397094E+002  0.736095066060016E+002 -0.602745357443024E+000  0.241622566161448E+001 -0.114467856624657E+002 -0.734857109936598E+003 -0.734857109936598E+003
 -0.192617990276286E+002  0.729496377868742E+002 -0.561022717024494E+000  0.214506298286022E+001 -0.114467856624657E+002 -0.734899280436899E+003 -0.734899280436899E+003
 -0.192527628448033E+002  0.734057058526022E+002 -0.591651219030789E+000  0.238142243656725E+001 -0.114467856624657E+002 -0.734846345880804E+003 -0.734846345880804E+003
 -0.192505802559264E+002  0.733980453855227E+002 -0.566374397437936E+000  0.212599028172514E+001 -0.114467856624657E+002 -0.734841838741849E+003 -0.734841838741849E+003
 -0.192507946411315E+002  0.733524471920002E+002 -0.560350302770566E+000  0.215934390247328E+001 -0.114467856624657E+002 -0.734808292818807E+003 -0.734808292818807E+003
 -0.192541014009429E+002  0.733400878120483E+002 -0.605008024865805E+000  0.247983367308995E+001 -0.114467856624657E+002 -0.734893914446918E+003 -0.734893914446918E+003
 -0.192629142381758E+002  0.731304844714918E+002 -0.600402986846389E+000  0.235078019223624E+001 -0.114467856624657E+002 -0.734904933248561E+003 -0.734904933248561E+003
 -0.192413642843083E+002  0.736635880853470E+002 -0.575426368884191E+000  0.227126664193352E+001 -0.114467856624657E+002 -0.734924790489655E+003 -0.734924790489655E+003
 -0.192596581895177E+002  0.730889564845208E+002 -0.571112020159020E+000  0.225429560370028E+001 -0.114467856624657E+002 -0.734832159227045E+003 -0.734832159227045E+003
 -0.192500104103595E+002  0.733279573814848E+002 -0.559172319282636E+000  0.213409727421852E+001 -0.114467856624657E+002 -0.734886517724242E+003 -0.734886517724242E+003
 -0.192622988452942E+002  0.730965170100730E+002 -0.585069204832601E+000  0.230466155169634E+001 -0.114467856624657E+002 -0.734896650586434E+003 -0.734896650586434E+003
 -0.192526855214464E+002  0.733350018349936E+002 -0.576882167029641E+000  0.224405901143211E+001 -0.114467856624657E+002 -0.734772425783323E+003 -0.734772425783323E+003
 -0.192441022608555E+002  0.735958841080613E+002 -0.572001845271868E+000  0.228945053716238E+001 -0.114467856624657E+002 -0.734901736788684E+003 -0.734901736788684E+003
 -0.192584128720106E+002  0.731174298387146E+002 -0.580437888683852E+000  0.223729397024671E+001 -0.114467856624657E+002 -0.734930126331260E+003 -0.734930126331260E+003
 -0.192558644808006E+002  0.732613667055335E+002 -0.596865507309663E+000  0.245719362259129E+001 -0.114467856624657E+002 -0.734896992740950E+003 -0.734896992740950E+003
 -0.192570581205982E+002  0.733419840857875E+002 -0.603074614958302E+000  0.240741332936645E+001 -0.114467856624657E+002 -0.734915028175821E+003 -0.734915028175821E+003
 -0.192530647773375E+002  0.732808193685783E+002 -0.570780545538167E+000  0.227030323743902E+001 -0.114467856624657E+002 -0.734816662635860E+003 -0.734816662635860E+003
 -0.192412553156632E+002  0.736788593977374E+002 -0.570894025158622E+000  0.222602407143758E+001 -0.114467856624657E+002 -0.734881698611462E+003 -0.734881698611462E+003
 -0.192608392971728E+002  0.729872412011597E+002 -0.558270832472525E+000  0.214751876102814E+001 -0.114467856624657E+002 -0.734859916153083E+003 -0.734859916153083E+003
 -0.192546397972937E+002  0.733522587143886E+002 -0.595665186773290E+000  0.231835605058153E+001 -0.114467856624657E+002 -0.734828062919334E+003 -0.734828062919334E+003
 -0.192528380531057E+002  0.735047695782531E+002 -0.616092053458897E+000  0.245514403280397E+001 -0.114467856624657E+002 -0.734917939277361E+003 -0.734917939277361E+003
 -0.192541161234143E+002  0.734409631705705E+002 -0.605746063644077E+000  0.237827684583253E+001 -0.114467856624657E+002 -0.734873852701933E+003 -0.734873852701933E+003
 -0.192456154308034E+002  0.736276490786755E+002 -0.578750902706136E+000  0.229380276216109E+001 -0.114467856624657E+002 -0.734919354931688E+003 -0.734919354931688E+003
 -0.192570308847930E+002  0.733056003920496E+002 -0.585185182060842E+000  0.222647355354617E+001 -0.114467856624657E+002 -0.734903569919764E+003 -0.734903569919764E+003
 -0.192480883267540E+002  0.734711512928957E+002 -0.556526070834229E+000  0.212786195311786E+001 -0.114467856624657E+002 -0.734890814642700E+003 -0.734890814642700E+003
 -0.192513684560406E+002  0.733458433055658E+002 -0.569452996724370E+000  0.223568838027077E+001 -0.114467856624657E+002 -0.734790759375033E+003 -0.734790759375033E+003
 -0.192617890476674E+002  0.730944632954396E+002 -0.577506529474896E+000  0.226540741403493E+001 -0.114467856624657E+002 -0.734930671058298E+003 -0.734930671058298E+003
 -0.192629430710479E+002  0.730816039492522E+002 -0.589952940798443E+000  0.226030862255022E+001 -0.114467856624657E+002 -0.734902705902281E+003 -0.734902705902281E+003
 -0.192571627213569E+002  0.731672129060323E+002 -0.589453203280993E+000  0.239002921347473E+001 -0.114467856624657E+002 -0.734870355421707E+003 -0.734870355421707E+003
 -0.192637760947186E+002  0.730112210915591E+002 -0.594847654628658E+000  0.236494079193579E+001 -0.114467856624657E+002 -0.734857224915785E+003 -0.734857224915785E+003
 -0.192556503358617E+002  0.732236597492699E+002 -0.567243055791101E+000  0.212793759156482E+001 -0.114467856624657E+002 -0.734859872903984E+003 -0.734859872903984E+003
 -0.192447613657407E+002  0.736071966713931E+002 -0.571314027155674E+000  0.214222121758374E+001 -0.114467856624657E+002 -0.734905428462493E+003 -0.734905428462493E+003
 -0.192453968953073E+002  0.734882345689264E+002 -0.551938540052310E+000  0.210515501759787E+001 -0.114467856624657E+002 -0.734875026099982E+003 -0.734875026099982E+003
 -0.192537268600380E+002  0.731704289869323E+002 -0.554581146896896E+000  0.219034807804686E+001 -0.114467856624657E+002 -0.734913373035043E+003 -0.734913373035043E+003
 -0.192505157093595E+002  0.734002525764586E+002 -0.583427668081521E+000  0.229596637652633E+001 -0.114467856624657E+002 -0.734813995829542E+003 -0.734813995829542E+003
 -0.192559701439642E+002  0.733199471336272E+002 -0.584381444452392E+000  0.222372742767448E+001 -0.114467856624657E+002 -0.734860915310903E+003 -0.734860915310903E+003
 -0.192529784418020E+002  0.732714044307526E+002 -0.561735401975277E+000  0.222544332013021E+001 -0.114467856624657E+002 -0.734878770084105E+003 -0.734878770084105E+003
 -0.192437887465124E+002  0.737265675795223E+002 -0.586889349740207E+000  0.223792333936523E+001 -0.114467856624657E+002 -0.734899772341872E+003 -0.734899772341872E+003
 -0.192533736791676E+002  0.734304736663942E+002 -0.607802148956026E+000  0.237728923791904E+001 -0.114467856624657E+002 -0.734922428357846E+003 -0.734922428357846E+003
 -0.192545137273648E+002  0.733792038602085E+002 -0.591022189423562E+000  0.223425289599277E+001 -0.114467856624657E+002 -0.734925259552062E+003 -0.734925259552062E+003
 -0.192582123099442E+002  0.732440523563950E+002 -0.610325166530998E+000  0.247081211638757E+001 -0.114467856624657E+002 -0.734882854032309E+003 -0.734882854032309E+003
 -0.192394975299009E+002  0.737646324378487E+002 -0.563643772888107E+000  0.215588284615879E+001 -0.114467856624657E+002 -0.734907787920834E+003 -0.734907787920834E+003
 -0.192594303332727E+002  0.731693692060270E+002 -0.588704056172854E+000  0.224576079642032E+001 -0.114467856624657E+002 -0.734907702866129E+003 -0.734907702866129E+003
 -0.192602448168864E+002  0.730678272046095E+002 -0.564704521938047E+000  0.220300970631566E+001 -0.114467856624657E+002 -0.734870061792421E+003 -0.734870061792421E+003
 -0.192468680737834E+002  0.736539665128931E+002 -0.593080281615075E+000  0.229922935692143E+001 -0.114467856624657E+002 -0.734872896697519E+003 -0.734872896697519E+003
 -0.192493014917277E+002  0.734406785403429E+002 -0.565060295649502E+000  0.210671617294178E+001 -0.114467856624657E+002 -0.734870651927463E+003 -0.734870651927463E+003
 -0.192629995042314E+002  0.729630112556050E+002 -0.563333605109096E+000  0.212506283294750E+001 -0.114467856624657E+002 -0.734894371746904E+003 -0.734894371746904E+003
 -0.192486982934261E+002  0.735447851646239E+002 -0.592885236810444E+000  0.233956857305356E+001 -0.114467856624657E+002 -0.734802569667118E+003 -0.734802569667118E+003
 -0.192473752548779E+002  0.736492822833872E+002 -0.599169256778588E+000  0.235456500252266E+001 -0.114467856624657E+002 -0.734874444227723E+003 -0.734874444227723E+003
 -0.192416860698909E+002  0.737048500402749E+002 -0.576133701348558E+000  0.223794096072830E+001 -0.114467856624657E+002 -0.734856230348411E+003 -0.734856230348411E+003
 -0.192606492722893E+002  0.730417161610761E+002 -0.582879177967828E+000  0.229180256327195E+001 -0.114467856624657E+002 -0.734881634942599E+003 -0.734881634942599E+003
 -0.192548568476547E+002  0.732112934134807E+002 -0.561049898650597E+000  0.214904795052111E+001 -0.114467856624657E+002 -0.734806005767474E+003 -0.734806005767474E+003
 -0.192565395106401E+002  0.732280428188483E+002 -0.590118799760171E+000  0.231970881457435E+001 -0.114467856624657E+002 -0.734826714467973E+003 -0.734826714467973E+003
 -0.192565817678785E+002  0.732653101236057E+002 -0.595810040605890E+000  0.231843111920540E+001 -0.114467856624657E+002 -0.734871955213198E+003 -0.734871955213198E+003
 -0.192413940423740E+002  0.736690895899121E+002 -0.565260909536095E+000  0.222742932035032E+001 -0.114467856624657E+002 -0.734907891086135E+003 -0.734907891086135E+003
 -0.192437048324374E+002  0.735559681505351E+002 -0.561194412508465E+000  0.219818893404602E+001 -0.114467856624657E+002 -0.734883230562502E+003 -0.734883230562502E+003
 -0.192407348061716E+002  0.737446298937957E+002 -0.565695202380455E+000  0.216047158101890E+001 -0.114467856624657E+002 -0.734898726695883E+003 -0.734898726695883E+003
 -0.192566603580983E+002  0.732372822044966E+002 -0.566653624902146E+000  0.212364507324248E+001 -0.114467856624657E+002 -0.734878567443211E+003 -0.734878567443211E+003
 -0.192402298472560E+002  0.737864867059395E+002 -0.574812299924956E+000  0.220665833231741E+001 -0.114467856624657E+002 -0.734887480732186E+003 -0.734887480732186E+003
 -0.192521991008391E+002  0.733241631595263E+002 -0.560986511243449E+000  0.214766888057561E+001 -0.114467856624657E+002 -0.734809948474468E+003 -0.734809948474468E+003
 -0.192507585952237E+002  0.733964705973282E+002 -0.574308945852495E+000  0.221664485292886E+001 -0.114467856624657E+002 -0.734782514456297E+003 -0.734782514456297E+003
 -0.192426135248991E+002  0.736297703787916E+002 -0.565318264923336E+000  0.222267454130279E+001 -0.114467856624657E+002 -0.734883189280716E+003 -0.734883189280716E+003
 -0.192659688150974E+002  0.728836137096049E+002 -0.577173012064415E+000  0.221577311204218E+001 -0.114467856624657E+002 -0.734928672771824E+003 -0.734928672771824E+003
 -0.192504825506864E+002  0.734987006312950E+002 -0.601501243845997E+000  0.241668663050813E+001 -0.114467856624657E+002 -0.734828919082735E+003 -0.734828919082735E+003
 -0.192573881779457E+002  0.731877386560206E+002 -0.563955631096800E+000  0.209442200494674E+001 -0.114467856624657E+002 -0.734893089180689E+003 -0.734893089180689E+003
 -0.192579877977894E+002  0.733050494139436E+002 -0.605696479587148E+000  0.237134434468656E+001 -0.114467856624657E+002 -0.734884216492117E+003 -0.734884216492117E+003
 -0.192544136450611E+002  0.733289601224362E+002 -0.589128256006477E+000  0.226890309690244E+001 -0.114467856624657E+002 -0.734845322642679E+003 -0.734845322642679E+003
 -0.192655819816116E+002  0.728867204091462E+002 -0.571686371173608E+000  0.220399822900679E+001 -0.114467856624657E+002 -0.734882663969374E+003 -0.734882663969374E+003
 -0.192552511190811E+002  0.732038182500520E+002 -0.573041238236085E+000  0.222113112918637E+001 -0.114467856624657E+002 -0.734832022932182E+003 -0.734832022932182E+003
 -0.192566251955686E+002  0.731540957714947E+002 -0.554592418220156E+000  0.215861411508521E+001 -0.114467856624657E+002 -0.734923379637794E+003 -0.734923379637794E+003
 -0.192605110569684E+002  0.732009541408179E+002 -0.598497865323292E+000  0.232220509253367E+001 -0.114467856624657E+002 -0.734883489713932E+003 -0.734883489713932E+003
 -0.192589155015382E+002  0.731278567978873E+002 -0.592964759296891E+000  0.238270681229888E+001 -0.114467856624657E+002 -0.734868637579878E+003 -0.734868637579878E+003
 -0.192515715153779E+002  0.734346760697141E+002 -0.583366953335584E+000  0.226516229784133E+001 -0.114467856624657E+002 -0.734787701337725E+003 -0.734787701337725E+003
 -0.192615721117001E+002  0.729408735247717E+002 -0.555605283040892E+000  0.218019378398706E+001 -0.114467856624657E+002 -0.734914848391285E+003 -0.734914848391285E+003
 -0.192485645476764E+002  0.736313705280398E+002 -0.611866938658635E+000  0.241122575797551E+001 -0.114467856624657E+002 -0.734924015442310E+003 -0.734924015442310E+003
 -0.192619405148284E+002  0.731455853385859E+002 -0.600669068676708E+000  0.240069169904674E+001 -0.114467856624657E+002 -0.734882917806761E+003 -0.734882917806761E+003
 -0.192476570344585E+002  0.735164824547060E+002 -0.582469679193042E+000  0.235764647568106E+001 -0.114467856624657E+002 -0.734884448614260E+003 -0.734884448614260E+003
 -0.192405191668926E+002  0.737526107501103E+002 -0.564222840682981E+000  0.211665470502505E+001 -0.114467856624657E+002 -0.734923524498539E+003 -0.734923524498539E+003
 -0.192504366600745E+002  0.733075307395514E+002 -0.569469754931896E+000  0.224601013023288E+001 -0.114467856624657E+002 -0.734929387825472E+003 -0.734929387825472E+003
 -0.192412594920247E+002  0.737883458282157E+002 -0.596674575177686E+000  0.235547872067867E+001 -0.114467856624657E+002 -0.734911068542672E+003 -0.734911068542672E+003
 -0.192493539529839E+002  0.733911069784208E+002 -0.577100973445319E+000  0.233801359382306E+001 -0.114467856624657E+002 -0.734890269382507E+003 -0.734890269382507E+003
 -0.192597712290304E+002  0.731811299315871E+002 -0.587520832586853E+000  0.225927533757994E+001 -0.114467856624657E+002 -0.734844616718033E+003 -0.734844616718033E+003
 -0.192556804614396E+002  0.732549146956414E+002 -0.583449218504900E+000  0.226472513911512E+001 -0.114467856624657E+002 -0.734798667477801E+003 -0.734798667477801E+003
 -0.192622865748478E+002  0.730908213112715E+002 -0.587112385468922E+000  0.225843536338604E+001 -0.114467856624657E+002 -0.734864817833662E+003 -0.734864817833662E+003
 -0.192653185197935E+002  0.729875207960911E+002 -0.582399265788914E+000  0.223973617987903E+001 -0.114467856624657E+002 -0.734909327080130E+003 -0.734909327080130E+003
 -0.192598298342424E+002  0.731561888297382E+002 -0.599606665837719E+000  0.247012679669202E+001 -0.114467856624657E+002 -0.734924287325022E+003 -0.734924287325022E+003
 -0.192592402288172E+002  0.731932469391248E+002 -0.590820147063605E+000  0.234097966466340E+001 -0.114467856624657E+002 -0.734816511036623E+003 -0.734816511036623E+003
 -0.192469197508205E+002  0.734875479309689E+002 -0.575124848660503E+000  0.231761858541540E+001 -0.114467856624657E+002 -0.734879919147492E+003 -0.734879919147492E+003
 -0.192487714188095E+002  0.733678373662815E+002 -0.553197440391267E+000  0.216813918711208E+001 -0.114467856624657E+002 -0.734896228826149E+003 -0.734896228826149E+003
