  0.596403162612652E+001  0.651531250624030E+002 -0.320023957376923E+000  0.349177932221786E+000 -0.160906004969501E-001 -0.144425179360197E+002 -0.701528912422124E+003 -0.701528912422124E+003
  0.592949979411607E+001  0.641640630704705E+002 -0.316430110637332E+000  0.351058843247629E+000 -0.231336698496918E-001 -0.144425179360197E+002 -0.701451708367859E+003 -0.701451708367859E+003
  0.554015593684641E+001  0.650492216840261E+002 -0.318129507621806E+000  0.350304060423068E+000 -0.200228125010540E-001 -0.144425179360197E+002 -0.701692585484370E+003 -0.701692585484370E+003
  0.567380026623375E+001  0.654016252367976E+002 -0.319322962109782E+000  0.349984380360130E+000 -0.181870086307985E-001 -0.144425179360197E+002 -0.701370817799762E+003 -0.701370817799762E+003
  0.557107613477084E+001  0.648699354400747E+002 -0.320114893707344E+000  0.349082277537907E+000 -0.158336058855095E-001 -0.144425179360197E+002 -0.701647153564375E+003 -0.701647153564375E+003
  0.543038809719926E+001  0.650924248436298E+002 -0.317416906818463E+000  0.350826169125376E+000 -0.216678795001517E-001 -0.144425179360197E+002 -0.701555592258169E+003 -0.701555592258169E+003
  0.579130230225849E+001  0.650151490444731E+002 -0.316622778563374E+000  0.351063402010945E+000 -0.229301278398815E-001 -0.144425179360197E+002 -0.701757781614179E+003 -0.701757781614179E+003
  0.590844546452563E+001  0.663839682656782E+002 -0.324082917293569E+000  0.347646035253097E+000 -0.912543028430157E-002 -0.144425179360197E+002 -0.701406440392776E+003 -0.701406440392776E+003
  0.558759736434113E+001  0.651761983700554E+002 -0.317319078876574E+000  0.350888517261684E+000 -0.218785879377812E-001 -0.144425179360197E+002 -0.701250670095427E+003 -0.701250670095427E+003
  0.568102884799590E+001  0.652245780056880E+002 -0.317137769573382E+000  0.350842598482410E+000 -0.220007569195921E-001 -0.144425179360197E+002 -0.701428596930906E+003 -0.701428596930906E+003
  0.574078328274669E+001  0.657893908223597E+002 -0.319282173777835E+000  0.349961077527205E+000 -0.181933758742918E-001 -0.144425179360197E+002 -0.701332771256434E+003 -0.701332771256434E+003
  0.593349820807573E+001  0.663372599643955E+002 -0.323480770034918E+000  0.347850905842733E+000 -0.101219704886564E-001 -0.144425179360197E+002 -0.701194057017440E+003 -0.701194057017440E+003
  0.591976687875298E+001  0.641842701728932E+002 -0.316579003574961E+000  0.351004163371997E+000 -0.228801387200015E-001 -0.144425179360197E+002 -0.701317564516133E+003 -0.701317564516133E+003
  0.573989356340996E+001  0.643568524331778E+002 -0.317476216429482E+000  0.350282682405217E+000 -0.207022482178445E-001 -0.144425179360197E+002 -0.701669125719314E+003 -0.701669125719314E+003
  0.582540671823150E+001  0.650242930586031E+002 -0.316321359678092E+000  0.351045623052091E+000 -0.232300627872029E-001 -0.144425179360197E+002 -0.701719691723896E+003 -0.701719691723896E+003
  0.597001596222553E+001  0.651531781226092E+002 -0.316943008571092E+000  0.350535724125529E+000 -0.217040436269720E-001 -0.144425179360197E+002 -0.701754985836297E+003 -0.701754985836297E+003
  0.590808245455572E+001  0.663911414859017E+002 -0.324121057701308E+000  0.347633231017539E+000 -0.906259340565185E-002 -0.144425179360197E+002 -0.701403618907581E+003 -0.701403618907581E+003
