  0.107271753918492E+000  0.142179075599585E+004  0.169703821329848E+002  0.665539965311884E+002 -0.180365949660801E+000  0.292353832399392E+000 -0.550077809915866E+000 -0.144425179360197E+002 -0.711173351027448E+003
  0.107271753918492E+000  0.142461899839782E+004  0.194013492965231E+002  0.637673989785631E+002 -0.194758303043149E+000  0.195890699554193E+000 -0.575270598370745E+000 -0.144425179360197E+002 -0.712587472228431E+003
  0.107271753918492E+000  0.143078244196017E+004 -0.653989445953546E+001  0.723740030108116E+002 -0.775326845344543E+000  0.443077311427075E+001  0.958739242942782E+001 -0.144425179360197E+002 -0.717536836923075E+003
  0.107271753918492E+000  0.143078327807219E+004  0.101350548505677E+001  0.748463748236675E+002 -0.514465648467648E+000  0.190263756990166E+001  0.494174616362906E+001 -0.144425179360197E+002 -0.717537254979083E+003
  0.107271753918492E+000  0.143079758988137E+004 -0.815455896982882E+001  0.756530700612348E+002 -0.772701781363366E+000  0.376252033426874E+001  0.665072764049585E+001 -0.144425179360197E+002 -0.717544410883674E+003
  0.107271753918492E+000  0.141583881612261E+004  0.182072288952903E+002  0.653152134956493E+002 -0.272362604181849E+000  0.356222721032471E+000 -0.537965619524012E-001 -0.144425179360197E+002 -0.708197381090830E+003
  0.107271753918492E+000  0.143091698026570E+004  0.487647372342435E+001  0.706742244479427E+002 -0.831577750872413E+000  0.449321385520265E+001  0.897463341368594E+001 -0.144425179360197E+002 -0.717604106075835E+003
  0.107271753918492E+000  0.143779292611142E+004 -0.112524994227989E+002  0.641320280698327E+002 -0.615562785161611E+000  0.327518194549751E+001  0.658783554492447E+001 -0.144425179360197E+002 -0.721042078998700E+003
  0.107271753918492E+000  0.141600933043912E+004  0.185246431085181E+002  0.720503312139444E+002 -0.353672316640315E+000  0.333198070119790E+000  0.546388081710631E-001 -0.144425179360197E+002 -0.708282638249083E+003
  0.107271753918492E+000  0.143116492763819E+004  0.116088516310367E+002  0.751246729459604E+002 -0.644225185735436E+000  0.327932133297476E+001  0.627792416717674E+001 -0.144425179360197E+002 -0.717728079762081E+003
  0.107271753918492E+000  0.143117081553719E+004 -0.120467677693918E+002  0.740513535519231E+002 -0.855109752929184E+000  0.443274442792888E+001  0.991546846012096E+001 -0.144425179360197E+002 -0.717731023711584E+003
  0.107271753918492E+000  0.143119275435288E+004 -0.316120429866249E+001  0.779554913313074E+002 -0.539770179251818E+000  0.216483602403329E+001  0.564651345855860E+001 -0.144425179360197E+002 -0.717741993119428E+003
  0.107271753918492E+000  0.144083206815717E+004 -0.916334782098417E+001  0.678092993464134E+002 -0.337499558733912E+000  0.788941481113124E+000  0.376563080025412E+001 -0.144425179360197E+002 -0.722561650021572E+003
  0.107271753918492E+000  0.143866907382268E+004 -0.120937712078686E+002  0.672172834705491E+002 -0.509567054884837E+000  0.171618194562013E+001  0.592163739795044E+001 -0.144425179360197E+002 -0.721480152854328E+003
  0.107271753918492E+000  0.142488202915860E+004  0.189587867802785E+002  0.594683813725449E+002 -0.175385712602020E+000  0.276615616206165E+000 -0.816997057362151E+000 -0.144425179360197E+002 -0.712718987608822E+003
  0.107271753918492E+000  0.142502396659576E+004  0.182841442495277E+002  0.657246601850616E+002 -0.180813307933295E+000  0.188224536891768E+000 -0.577752159344769E+000 -0.144425179360197E+002 -0.712789956327404E+003
  0.107271753918492E+000  0.143712734666399E+004  0.108298502577347E+002  0.743599690652235E+002 -0.829123916616402E+000  0.372461013641153E+001  0.576782907946473E+001 -0.144425179360197E+002 -0.720709289274980E+003
  0.107271753918492E+000  0.142515525311543E+004  0.147893491981175E+002  0.643766884012245E+002 -0.248893840302219E+000  0.336749393652193E+000 -0.550511070309343E+000 -0.144425179360197E+002 -0.712855599587240E+003
  0.107271753918492E+000  0.143129688191762E+004  0.138744523391978E+002  0.760182454819054E+002 -0.607538440641195E+000  0.237411597316806E+001  0.611272124419777E+001 -0.144425179360197E+002 -0.717794056901797E+003
  0.107271753918492E+000  0.142262185757573E+004  0.174643639653737E+002  0.658367126528517E+002 -0.168016559406831E+000  0.310581587126302E+000 -0.624867714711790E+000 -0.144425179360197E+002 -0.711588901817389E+003
  0.107271753918492E+000  0.143131387292687E+004  0.102549761161774E+002  0.784746207590669E+002 -0.644768750208995E+000  0.337729099521094E+001  0.892474289133388E+001 -0.144425179360197E+002 -0.717802552406424E+003
  0.107271753918492E+000  0.143136727443938E+004  0.158392983812627E+002  0.677791041328562E+002 -0.735753238209488E+000  0.405161507735885E+001  0.886672628124787E+001 -0.144425179360197E+002 -0.717829253162679E+003
  0.107271753918492E+000  0.141607278327068E+004  0.125658731478651E+002  0.654657588320418E+002 -0.293843815178120E+000  0.314105383755670E+000  0.352164536198174E-002 -0.144425179360197E+002 -0.708314364664863E+003
  0.107271753918492E+000  0.143150586757282E+004  0.845742147775651E+001  0.720732474908266E+002 -0.857628051107991E+000  0.444469777273123E+001  0.945482164287383E+001 -0.144425179360197E+002 -0.717898549729398E+003
  0.107271753918492E+000  0.141665359861390E+004  0.133176662116009E+002  0.627914657542197E+002 -0.242703296208114E+000  0.365890137980732E+000 -0.102494328967468E+000 -0.144425179360197E+002 -0.708604772336474E+003
  0.107271753918492E+000  0.143642826878406E+004 -0.194000090034413E+002  0.709618985226135E+002 -0.858352632902418E+000  0.477235786455448E+001  0.614251702581955E+001 -0.144425179360197E+002 -0.720359750335017E+003
  0.107271753918492E+000  0.142262187048059E+004  0.122474985115001E+002  0.726827517828607E+002 -0.334455923739382E+000  0.340419726752643E+000 -0.126594574427390E-001 -0.144425179360197E+002 -0.711588908269820E+003
  0.107271753918492E+000  0.143174806316729E+004  0.176183133250603E+002  0.742990186440505E+002 -0.776124790075765E+000  0.359666799988589E+001  0.660931603168759E+001 -0.144425179360197E+002 -0.718019647526631E+003
  0.107271753918492E+000  0.143175469842948E+004  0.154633602145609E+002  0.716860231526669E+002 -0.821243937349835E+000  0.404297790856885E+001  0.883301178111278E+001 -0.144425179360197E+002 -0.718022965157726E+003
  0.107271753918492E+000  0.143615146683991E+004 -0.145061926775432E+002  0.719993756630983E+002 -0.504926406704214E+000  0.170127111562387E+001  0.632144258439251E+001 -0.144425179360197E+002 -0.720221349362943E+003
  0.107271753918492E+000  0.142347686768704E+004  0.178495963362639E+002  0.555722351968982E+002 -0.129761577703894E+000  0.336430662689527E+000 -0.541218280044131E+000 -0.144425179360197E+002 -0.712016406873041E+003
  0.107271753918492E+000  0.143184214746486E+004 -0.124714804165051E+002  0.782697095045852E+002 -0.702145277515332E+000  0.337428501871381E+001  0.582277248489499E+001 -0.144425179360197E+002 -0.718066689675416E+003
  0.107271753918492E+000  0.143194394304741E+004  0.157017970709023E+001  0.763703867676046E+002 -0.596922308410906E+000  0.325397386485292E+001  0.970399520846082E+001 -0.144425179360197E+002 -0.718117587466694E+003
  0.107271753918492E+000  0.142546525298959E+004  0.182544871888972E+002  0.611632651966734E+002 -0.149758086355407E+000  0.339496142174482E+000 -0.860964127852995E+000 -0.144425179360197E+002 -0.713010599524320E+003
  0.107271753918492E+000  0.143208383375340E+004  0.969861750552324E+001  0.674883037132871E+002 -0.563783632258166E+000  0.268242836288219E+001  0.854904823734961E+001 -0.144425179360197E+002 -0.718187532819685E+003
  0.107271753918492E+000  0.142566318250888E+004  0.166008533270992E+002  0.653735448842182E+002 -0.181855612659505E+000  0.204567436338108E+000 -0.762342269011937E+000 -0.144425179360197E+002 -0.713109564283963E+003
  0.107271753918492E+000  0.143569933351798E+004 -0.192885808112776E+002  0.633836901393619E+002 -0.134951661560572E+000 -0.103797218479651E+000 -0.128680641657168E+001 -0.144425179360197E+002 -0.719995282701976E+003
  0.107271753918492E+000  0.142582654323003E+004  0.187355747458714E+002  0.743040674746383E+002 -0.333156163250059E+000  0.248551214532186E+000 -0.667633330911013E-001 -0.144425179360197E+002 -0.713191244644537E+003
  0.107271753918492E+000  0.143216297196028E+004 -0.706588820036208E+001  0.747177337001497E+002 -0.846527140872449E+000  0.466951636231768E+001  0.863498819990523E+001 -0.144425179360197E+002 -0.718227101923128E+003
  0.107271753918492E+000  0.142589808838719E+004  0.145986350679463E+002  0.631240891088635E+002 -0.222068725271396E+000  0.188540393118117E+000 -0.234641584287692E+000 -0.144425179360197E+002 -0.713227017223118E+003
  0.107271753918492E+000  0.142601959112504E+004  0.178455198357032E+002  0.768465270268526E+002 -0.340016286368819E+000  0.226788238450472E+000  0.480862893574496E-002 -0.144425179360197E+002 -0.713287768592041E+003
  0.107271753918492E+000  0.142602090275501E+004  0.176271197055064E+002  0.775628029928712E+002 -0.385518205357804E+000  0.369341137201101E+000  0.399787527090645E-001 -0.144425179360197E+002 -0.713288424407029E+003
  0.107271753918492E+000  0.143526284509670E+004  0.210421366076249E+001  0.641880721582197E+002 -0.645639174833043E+000  0.330801807884845E+001  0.713768297009768E+001 -0.144425179360197E+002 -0.719777038491337E+003
  0.107271753918492E+000  0.143242518633381E+004  0.779119496090051E+001  0.791511591619550E+002 -0.825593696361251E+000  0.427271907350973E+001  0.976840896433986E+001 -0.144425179360197E+002 -0.718358209109892E+003
  0.107271753918492E+000  0.142604108728850E+004  0.159393346808304E+002  0.691708299399543E+002 -0.261167360673833E+000  0.304187218206915E+000 -0.321205493944724E+000 -0.144425179360197E+002 -0.713298516673772E+003
  0.107271753918492E+000  0.141732246593564E+004  0.164605128832167E+002  0.677268630656075E+002 -0.349928009190071E+000  0.320535815578902E+000  0.349471200771756E-001 -0.144425179360197E+002 -0.708939205997345E+003
  0.107271753918492E+000  0.143389605480101E+004 -0.300367558609865E+001  0.771656668138151E+002 -0.692479185184459E+000  0.299572681533766E+001  0.885937076869521E+001 -0.144425179360197E+002 -0.719093643343490E+003
  0.107271753918492E+000  0.143500744095022E+004 -0.742827141678648E+001  0.734217549944299E+002 -0.448293087407988E+000  0.211463884386672E+001  0.748446904906972E+001 -0.144425179360197E+002 -0.719649336418095E+003
  0.107271753918492E+000  0.141737032410656E+004  0.194098790440090E+002  0.620765393322219E+002 -0.216568192976524E+000  0.272294113052107E+000 -0.261734799009860E+000 -0.144425179360197E+002 -0.708963135082805E+003
  0.107271753918492E+000  0.143254428144505E+004 -0.853167608734343E+001  0.797098533098797E+002 -0.733203784628339E+000  0.380400572165980E+001  0.785832949668232E+001 -0.144425179360197E+002 -0.718417756665514E+003
  0.107271753918492E+000  0.143254603057379E+004  0.122843897051327E+002  0.681299124580973E+002 -0.662086857022248E+000  0.343972959965021E+001  0.643065764284972E+001 -0.144425179360197E+002 -0.718418631229881E+003
  0.107271753918492E+000  0.143481334202342E+004 -0.183954631260375E+002  0.745591632279679E+002 -0.627597316750286E+000  0.366326012203768E+001  0.905359954615712E+001 -0.144425179360197E+002 -0.719552286954695E+003
  0.107271753918492E+000  0.143264141847524E+004  0.141641680577236E+002  0.710510811199770E+002 -0.690174907718815E+000  0.407392400102470E+001  0.977369929910728E+001 -0.144425179360197E+002 -0.718466325180609E+003
  0.107271753918492E+000  0.141742710946568E+004  0.182762564913627E+002  0.668658709453719E+002 -0.289766534719271E+000  0.306531570053360E+000 -0.506146769431712E-001 -0.144425179360197E+002 -0.708991527762361E+003
  0.107271753918492E+000  0.142673607915705E+004  0.139923227618930E+002  0.633757024277585E+002 -0.161472673975197E+000  0.337375766525236E+000 -0.102043452618508E+001 -0.144425179360197E+002 -0.713646012608049E+003
  0.107271753918492E+000  0.143285754330386E+004 -0.132354824516121E+002  0.701609162486147E+002 -0.471230080731290E+000  0.162529149186604E+001  0.483045552087986E+001 -0.144425179360197E+002 -0.718574387594916E+003
  0.107271753918492E+000  0.143301080656659E+004 -0.182897152799578E+002  0.779183230379798E+002 -0.723854450434809E+000  0.390880699798373E+001  0.749755283434089E+001 -0.144425179360197E+002 -0.718651019226281E+003
  0.107271753918492E+000  0.143320437049390E+004  0.781289485646549E+001  0.711904975369315E+002 -0.586964935731180E+000  0.336228550653201E+001  0.963916903869455E+001 -0.144425179360197E+002 -0.718747801189939E+003
  0.107271753918492E+000  0.142675973984245E+004  0.168907966482606E+002  0.790825989323094E+002 -0.396464582079089E+000  0.335972426998621E+000  0.972339889617775E-001 -0.144425179360197E+002 -0.713657842950749E+003
  0.107271753918492E+000  0.142683860339939E+004  0.166783240654245E+002  0.675978808445460E+002 -0.246379059665161E+000  0.261672482323413E+000 -0.529136557103817E+000 -0.144425179360197E+002 -0.713697274729219E+003
  0.107271753918492E+000  0.142687704451752E+004  0.176001149402880E+002  0.712046412364218E+002 -0.249504556190961E+000  0.189468879274978E+000 -0.385612237663556E+000 -0.144425179360197E+002 -0.713716495288285E+003
  0.107271753918492E+000  0.143438459480499E+004 -0.944534605022602E+001  0.756249095962329E+002 -0.620280985834698E+000  0.347719234836070E+001  0.801472080534035E+001 -0.144425179360197E+002 -0.719337913345483E+003
  0.107271753918492E+000  0.142982327008967E+004  0.178832662516509E+002  0.661775030405673E+002 -0.140891079616054E+000  0.359883585180885E+000 -0.816744802278713E+000 -0.144425179360197E+002 -0.715189608074357E+003
  0.107271753918492E+000  0.142692495131595E+004  0.179147540189197E+002  0.755889437662612E+002 -0.303272292735251E+000  0.289081159617277E+000 -0.603179690140347E-001 -0.144425179360197E+002 -0.713740448687497E+003
  0.107271753918492E+000  0.142737797255800E+004  0.152024314593893E+002  0.711162839178100E+002 -0.246375014730494E+000  0.262998349408699E+000 -0.385869685311739E+000 -0.144425179360197E+002 -0.713966959308525E+003
  0.107271753918492E+000  0.141765810263662E+004  0.131836337040952E+002  0.680597073569045E+002 -0.322046780201308E+000  0.339803072812042E+000 -0.109124602353265E-001 -0.144425179360197E+002 -0.709107024347833E+003
  0.107271753918492E+000  0.142787663929002E+004  0.136054656120365E+002  0.727275213098398E+002 -0.236698796342870E+000  0.140146316203444E+000 -0.201913720908442E+000 -0.144425179360197E+002 -0.714216292674532E+003
  0.107271753918492E+000  0.141789383089233E+004  0.170410121739621E+002  0.644905943179516E+002 -0.238646256391672E+000  0.252375646066845E+000 -0.192797418092834E+000 -0.144425179360197E+002 -0.709224888475687E+003
  0.107271753918492E+000  0.141791264551211E+004  0.176686782124806E+002  0.627235086911363E+002 -0.235193832198255E+000  0.267035642402915E+000 -0.229976021654540E+000 -0.144425179360197E+002 -0.709234295785581E+003
  0.107271753918492E+000  0.142432044338999E+004  0.147676653651605E+002  0.666246373160462E+002 -0.171511509244773E+000  0.290212470689486E+000 -0.417605554326215E+000 -0.144425179360197E+002 -0.712438194724519E+003
  0.107271753918492E+000  0.142419276049911E+004  0.169059941938813E+002  0.734794824056430E+002 -0.263362479371576E+000  0.220418160718314E+000 -0.126438309152839E+000 -0.144425179360197E+002 -0.712374353279080E+003
  0.107271753918492E+000  0.142408960401687E+004  0.155698749146136E+002  0.628838250681642E+002 -0.186163796009601E+000  0.219988662815743E+000 -0.461849794162072E+000 -0.144425179360197E+002 -0.712322775037958E+003
  0.107271753918492E+000  0.142384984742700E+004  0.184090436393081E+002  0.596648194113416E+002 -0.188757642974265E+000  0.323707612292480E+000 -0.370234673989767E+000 -0.144425179360197E+002 -0.712202896743021E+003
  0.107271753918492E+000  0.141798262828438E+004  0.145880342038865E+002  0.744227790904315E+002 -0.361284340170954E+000  0.349025068067603E+000  0.428768816226750E-001 -0.144425179360197E+002 -0.709269287171713E+003
  0.107271753918492E+000  0.142370709908029E+004  0.142139048567139E+002  0.613654661617507E+002 -0.200027562681740E+000  0.259262130791770E+000 -0.502968048372603E+000 -0.144425179360197E+002 -0.712131522569667E+003
  0.107271753918492E+000  0.142369314079253E+004  0.137990483078348E+002  0.722190983152708E+002 -0.245381156282464E+000  0.261248710664239E+000 -0.163828143726960E+000 -0.144425179360197E+002 -0.712124543425787E+003
  0.107271753918492E+000  0.142361269393679E+004  0.151518288266283E+002  0.663437016814495E+002 -0.207123197057454E+000  0.237891609162287E+000 -0.572309137076816E+000 -0.144425179360197E+002 -0.712084319997919E+003
  0.107271753918492E+000  0.142170488702179E+004  0.165538759048738E+002  0.686461440304028E+002 -0.294792651911119E+000  0.304912140407830E+000 -0.128938740866149E+000 -0.144425179360197E+002 -0.711130416540419E+003
  0.107271753918492E+000  0.142165245051045E+004  0.182602600533844E+002  0.691669986830008E+002 -0.264676218727562E+000  0.230316071240136E+000 -0.621167627469621E-001 -0.144425179360197E+002 -0.711104198284749E+003
  0.107271753918492E+000  0.142156187107359E+004  0.170854360263213E+002  0.703705614859155E+002 -0.266915501596888E+000  0.294620784092388E+000 -0.139515353564580E+000 -0.144425179360197E+002 -0.711058908566316E+003
  0.107271753918492E+000  0.142148351053666E+004  0.172065110537657E+002  0.660254215694522E+002 -0.224637417008078E+000  0.294106239953926E+000 -0.242765675163659E+000 -0.144425179360197E+002 -0.711019728297853E+003
  0.107271753918492E+000  0.142111929587469E+004  0.151735974467647E+002  0.654032960400141E+002 -0.182190202696356E+000  0.299107242009756E+000 -0.387030474769354E+000 -0.144425179360197E+002 -0.710837620966868E+003
  0.107271753918492E+000  0.142075723999526E+004  0.185549429817980E+002  0.586938654957675E+002 -0.213635890467003E+000  0.283595416421287E+000 -0.356420896434843E+000 -0.144425179360197E+002 -0.710656593027155E+003
  0.107271753918492E+000  0.142062515552779E+004  0.117327121630615E+002  0.638031265306497E+002 -0.309718875043105E+000  0.327834081134972E+000 -0.647603901631975E-001 -0.144425179360197E+002 -0.710590550793417E+003
  0.107271753918492E+000  0.142059250140210E+004  0.128053649915788E+002  0.663077787494564E+002 -0.242745506395112E+000  0.295180061637352E+000 -0.123791621545056E+000 -0.144425179360197E+002 -0.710574223730572E+003
  0.107271753918492E+000  0.141798883929944E+004  0.172242220205970E+002  0.639162607263516E+002 -0.234285465650715E+000  0.244123760456111E+000 -0.174137704051903E+000 -0.144425179360197E+002 -0.709272392679242E+003
  0.107271753918492E+000  0.142034644984734E+004  0.105601741063790E+002  0.642093573299827E+002 -0.256770562919984E+000  0.250068763496875E+000 -0.935560891398257E-001 -0.144425179360197E+002 -0.710451197953191E+003
  0.107271753918492E+000  0.141800033532149E+004  0.172053419119335E+002  0.579186396851584E+002 -0.188508796082611E+000  0.382481451328273E+000 -0.202961671114096E+000 -0.144425179360197E+002 -0.709278140690267E+003
  0.107271753918492E+000  0.142029162918035E+004  0.945363612661315E+001  0.638662599201075E+002 -0.335790318852212E+000  0.300716421319703E+000  0.473765730496840E-001 -0.144425179360197E+002 -0.710423787619698E+003
  0.107271753918492E+000  0.142016672112464E+004  0.149881984486394E+002  0.657554467485725E+002 -0.211119061403301E+000  0.223687632417100E+000 -0.218041878618857E+000 -0.144425179360197E+002 -0.710361333591845E+003
  0.107271753918492E+000  0.142011298074406E+004  0.108319425614970E+002  0.648765466851013E+002 -0.255279002115155E+000  0.294574127314881E+000 -0.226406296408618E+000 -0.144425179360197E+002 -0.710334463401554E+003
  0.107271753918492E+000  0.142009853100885E+004  0.113905925779605E+002  0.643816327739488E+002 -0.268713714574683E+000  0.294179411865688E+000 -0.126278667267988E+000 -0.144425179360197E+002 -0.710327238533950E+003
  0.107271753918492E+000  0.142000169819730E+004  0.112324158776762E+002  0.731662414524080E+002 -0.338600234265727E+000  0.297440030369581E+000  0.309210710186303E-001 -0.144425179360197E+002 -0.710278822128174E+003
  0.107271753918492E+000  0.141994857237440E+004  0.194277742913158E+002  0.657998482042630E+002 -0.187051610030563E+000  0.281794131141324E+000 -0.329317035726095E+000 -0.144425179360197E+002 -0.710252259216721E+003
  0.107271753918492E+000  0.141810123516723E+004  0.158161941476004E+002  0.740820494167622E+002 -0.350235360301784E+000  0.343158520304105E+000  0.419941171056433E-001 -0.144425179360197E+002 -0.709328590613138E+003
  0.107271753918492E+000  0.141960056779915E+004  0.160048361771646E+002  0.689056739090149E+002 -0.264755003158801E+000  0.277649318177808E+000 -0.190318501007457E+000 -0.144425179360197E+002 -0.710078256929098E+003
  0.107271753918492E+000  0.141955647999880E+004  0.179911306967671E+002  0.639655684994711E+002 -0.254692373848443E+000  0.252147882223026E+000 -0.178777635057111E+000 -0.144425179360197E+002 -0.710056213028924E+003
  0.107271753918492E+000  0.141955245888332E+004  0.126880980091698E+002  0.675584637058948E+002 -0.299839581460655E+000  0.256222745384921E+000 -0.534808743985344E-001 -0.144425179360197E+002 -0.710054202471183E+003
  0.107271753918492E+000  0.141951119384925E+004  0.133947306609926E+002  0.662857518424376E+002 -0.280267533374517E+000  0.274787562710175E+000 -0.640719764526523E-001 -0.144425179360197E+002 -0.710033569954148E+003
  0.107271753918492E+000  0.141816009713754E+004  0.193118155612082E+002  0.656103922639469E+002 -0.251637444846495E+000  0.259153652282378E+000 -0.161534041423572E+000 -0.144425179360197E+002 -0.709358021598294E+003
  0.107271753918492E+000  0.141947061698069E+004  0.137213336712636E+002  0.655276067879820E+002 -0.274975926637778E+000  0.279011053987618E+000 -0.200091655199817E+000 -0.144425179360197E+002 -0.710013281519868E+003
  0.107271753918492E+000  0.141938169221607E+004  0.194876693146602E+002  0.637726212793559E+002 -0.218131170336471E+000  0.324241446880461E+000 -0.186308768382183E+000 -0.144425179360197E+002 -0.709968819137556E+003
  0.107271753918492E+000  0.141933097604522E+004  0.150648615837771E+002  0.652183709343168E+002 -0.221491400255272E+000  0.265189535307270E+000 -0.205253947895400E+000 -0.144425179360197E+002 -0.709943461052135E+003
  0.107271753918492E+000  0.141909887564533E+004  0.148325142446787E+002  0.762252638754705E+002 -0.369872185360421E+000  0.335380693172010E+000  0.619919499812998E-001 -0.144425179360197E+002 -0.709827410852190E+003
  0.107271753918492E+000  0.141904129834723E+004  0.162372471330329E+002  0.615195804556283E+002 -0.267402692279118E+000  0.316914235880396E+000 -0.891682408675685E-001 -0.144425179360197E+002 -0.709798622203140E+003
  0.107271753918492E+000  0.141887666735192E+004  0.139473409105584E+002  0.749122249627986E+002 -0.356889974866562E+000  0.333389131154989E+000  0.555428587960414E-001 -0.144425179360197E+002 -0.709716306705482E+003
  0.107271753918492E+000  0.141879731267392E+004  0.152109451746571E+002  0.702350436697755E+002 -0.277637284806422E+000  0.254621853636453E+000 -0.138865312640517E+000 -0.144425179360197E+002 -0.709676629366484E+003
  0.107271753918492E+000  0.141876329061434E+004  0.141075732314279E+002  0.720719935223395E+002 -0.316408189631691E+000  0.314586206765338E+000  0.219408525203679E-001 -0.144425179360197E+002 -0.709659618336694E+003
  0.107271753918492E+000  0.141873103652781E+004  0.182640020168748E+002  0.641509426019107E+002 -0.236637436534683E+000  0.250683170473687E+000 -0.222039033606144E+000 -0.144425179360197E+002 -0.709643491293429E+003
  0.107271753918492E+000  0.141871424699394E+004  0.130475641777075E+002  0.729183807017639E+002 -0.320481320231045E+000  0.322784599883501E+000  0.340510461551862E-001 -0.144425179360197E+002 -0.709635096526491E+003
  0.107271753918492E+000  0.141823201918169E+004  0.172529654731795E+002  0.629629769346145E+002 -0.214208064262806E+000  0.262965182419914E+000 -0.250016193135874E+000 -0.144425179360197E+002 -0.709393982620367E+003
  0.107271753918492E+000  0.141866018305845E+004  0.154727210334803E+002  0.662090353570277E+002 -0.243070153758383E+000  0.249314969108197E+000 -0.192260379802287E+000 -0.144425179360197E+002 -0.709608064558748E+003
  0.107271753918492E+000  0.141865967190127E+004  0.128012025054205E+002  0.627232554705729E+002 -0.199855275608629E+000  0.273766482865946E+000 -0.279495831980590E+000 -0.144425179360197E+002 -0.709607808980157E+003
  0.107271753918492E+000  0.141860785058868E+004  0.148636284363720E+002  0.652128462553354E+002 -0.269488172870240E+000  0.324285190845036E+000  0.853081303194614E-003 -0.144425179360197E+002 -0.709581898323861E+003
  0.107271753918492E+000  0.141845896607033E+004  0.142571062663084E+002  0.653572104679767E+002 -0.289266407623631E+000  0.323128778948867E+000 -0.722830177287985E-001 -0.144425179360197E+002 -0.709507456064689E+003
  0.107271753918492E+000  0.141836525952140E+004  0.137959638180984E+002  0.731347222911873E+002 -0.365744660918750E+000  0.324350510863436E+000  0.654342293927961E-001 -0.144425179360197E+002 -0.709460602790225E+003
  0.107271753918492E+000  0.141825262748461E+004  0.164496248551204E+002  0.683952447231233E+002 -0.313869411371235E+000  0.301264942336001E+000  0.343597709000338E-001 -0.144425179360197E+002 -0.709404286771830E+003
  0.107271753918492E+000  0.141823942881870E+004  0.158909621645699E+002  0.616437050791534E+002 -0.177134650147053E+000  0.381659527046566E+000 -0.204899948578328E+000 -0.144425179360197E+002 -0.709397687438874E+003
  0.107271753918492E+000  0.141573573050393E+004  0.160167671309533E+002  0.678013840324910E+002 -0.363980935558999E+000  0.337118858268552E+000  0.444081391168005E-001 -0.144425179360197E+002 -0.708145838281488E+003
  0.107271753918492E+000  0.141556070233740E+004  0.184320628935482E+002  0.655226461023778E+002 -0.338525847223915E+000  0.325114466403138E+000  0.522103253748867E-001 -0.144425179360197E+002 -0.708058324198222E+003
  0.107271753918492E+000  0.141537711500308E+004  0.127386775217763E+002  0.663138351801741E+002 -0.286354311309586E+000  0.329969878466922E+000  0.154214880124748E-002 -0.144425179360197E+002 -0.707966530531061E+003
  0.107271753918492E+000  0.141522143138037E+004  0.128922598538946E+002  0.728078123987420E+002 -0.347879203065577E+000  0.362644289084963E+000 -0.488378385613686E-002 -0.144425179360197E+002 -0.707888688719707E+003
  0.107271753918492E+000  0.141515322356892E+004  0.121262567797516E+002  0.649443813268737E+002 -0.332445698867758E+000  0.326891950883357E+000  0.215983083714555E-001 -0.144425179360197E+002 -0.707854584813984E+003
  0.107271753918492E+000  0.141491505307797E+004  0.184035146698292E+002  0.650227828579664E+002 -0.342942981768430E+000  0.320187351477862E+000  0.532772783338480E-001 -0.144425179360197E+002 -0.707735499568506E+003
  0.107271753918492E+000  0.141486555498897E+004  0.170797596624087E+002  0.643208265453627E+002 -0.330047551005897E+000  0.318171299551110E+000  0.444643707374581E-001 -0.144425179360197E+002 -0.707710750524008E+003
  0.107271753918492E+000  0.141447987060766E+004  0.149677728004506E+002  0.731798301938075E+002 -0.363407815502156E+000  0.345396063889244E+000  0.387018316787966E-001 -0.144425179360197E+002 -0.707517908333356E+003
  0.107271753918492E+000  0.141403589850881E+004  0.186939895980546E+002  0.653132903099347E+002 -0.276599158754687E+000  0.366360556400901E+000 -0.821347667304053E-001 -0.144425179360197E+002 -0.707295922283927E+003
  0.107271753918492E+000  0.141386119745832E+004  0.122587555390959E+002  0.651505616815160E+002 -0.295231869854421E+000  0.323486337488525E+000  0.954832830097985E-002 -0.144425179360197E+002 -0.707208571758684E+003
  0.107271753918492E+000  0.141375620434338E+004  0.171029547936053E+002  0.585767443096370E+002 -0.206296379258236E+000  0.385121668738325E+000 -0.191207895208958E+000 -0.144425179360197E+002 -0.707156075201212E+003
  0.107271753918492E+000  0.141375244056838E+004  0.139632439812233E+002  0.630540596117948E+002 -0.327456398606879E+000  0.357139055011415E+000 -0.306279436851042E-002 -0.144425179360197E+002 -0.707154193313714E+003
  0.107271753918492E+000  0.141374755007598E+004  0.174163219324659E+002  0.677874644446807E+002 -0.358411548590027E+000  0.348696545012427E+000  0.443079743134120E-001 -0.144425179360197E+002 -0.707151748067514E+003
  0.107271753918492E+000  0.141343293095034E+004  0.121912291145542E+002  0.653031182691021E+002 -0.261310339130860E+000  0.339240680077863E+000 -0.455380512701513E-001 -0.144425179360197E+002 -0.706994438504696E+003
  0.107271753918492E+000  0.141341630723436E+004  0.131756541234029E+002  0.643348486260743E+002 -0.323915848299220E+000  0.365592546863356E+000 -0.417307968999374E-001 -0.144425179360197E+002 -0.706986126646703E+003
  0.107271753918492E+000  0.141269245821910E+004  0.185624786550019E+002  0.601961008401456E+002 -0.254246772699036E+000  0.381020525333675E+000 -0.141207141595315E+000 -0.144425179360197E+002 -0.706624202139074E+003
  0.107271753918492E+000  0.141269119266491E+004  0.127852692009689E+002  0.672108220562641E+002 -0.281364370156325E+000  0.324606167223564E+000 -0.161128823095673E-001 -0.144425179360197E+002 -0.706623569361977E+003
  0.107271753918492E+000  0.141267847714119E+004  0.140297479239495E+002  0.632976877192328E+002 -0.244290160248768E+000  0.355743220900163E+000 -0.942298570260185E-001 -0.144425179360197E+002 -0.706617211600116E+003
  0.107271753918492E+000  0.141253171620112E+004  0.121437955973924E+002  0.610764700723496E+002 -0.267222806705748E+000  0.335946648216345E+000 -0.376681807082750E-001 -0.144425179360197E+002 -0.706543831130081E+003
  0.107271753918492E+000  0.141252942780763E+004  0.145386148005778E+002  0.631632821794546E+002 -0.245482707094476E+000  0.363803693792017E+000 -0.119988514411009E+000 -0.144425179360197E+002 -0.706542686933336E+003
  0.107271753918492E+000  0.141234221255185E+004  0.179109975582165E+002  0.703559979324578E+002 -0.349792594055370E+000  0.350669029205525E+000  0.185360289939105E-001 -0.144425179360197E+002 -0.706449079305447E+003
  0.107271753918492E+000  0.141232801519092E+004  0.189121111949855E+002  0.694522268027162E+002 -0.300847148479690E+000  0.329846372704042E+000 -0.111538930275756E-002 -0.144425179360197E+002 -0.706441980624982E+003
  0.107271753918492E+000  0.141222210962907E+004  0.178318002471802E+002  0.654140609838238E+002 -0.276417530086955E+000  0.351916100301142E+000 -0.711716372669127E-001 -0.144425179360197E+002 -0.706389027844056E+003
  0.107271753918492E+000  0.141221225666222E+004  0.183986168868464E+002  0.678468440360752E+002 -0.294711648190979E+000  0.344174350962851E+000 -0.253011263232210E-001 -0.144425179360197E+002 -0.706384101360634E+003
  0.107271753918492E+000  0.141220460731518E+004  0.194994786636735E+002  0.593284960779645E+002 -0.242211694653002E+000  0.362484639132915E+000 -0.111228245212219E+000 -0.144425179360197E+002 -0.706380276687112E+003
  0.107271753918492E+000  0.141202622687237E+004  0.135468785639797E+002  0.651384942148895E+002 -0.310805414529901E+000  0.359371210051767E+000 -0.337156837309145E-001 -0.144425179360197E+002 -0.706291086465710E+003
  0.107271753918492E+000  0.141184247623291E+004  0.145739326250865E+002  0.639115039594451E+002 -0.304979499180866E+000  0.322001041009294E+000  0.116443910841610E-001 -0.144425179360197E+002 -0.706199211145977E+003
  0.107271753918492E+000  0.141163557611954E+004  0.145143690315634E+002  0.632716878955038E+002 -0.282216469979191E+000  0.351163249530887E+000 -0.465043598244517E-001 -0.144425179360197E+002 -0.706095761089291E+003
  0.107271753918492E+000  0.141162152521929E+004  0.180060502789599E+002  0.637073069921410E+002 -0.297514090678896E+000  0.367381514694966E+000 -0.684385410324886E-001 -0.144425179360197E+002 -0.706088735639167E+003
  0.107271753918492E+000  0.141158456586729E+004  0.152120243389700E+002  0.638380576472213E+002 -0.272962723392390E+000  0.336792427417725E+000 -0.478072637616869E-001 -0.144425179360197E+002 -0.706070255963169E+003
  0.107271753918492E+000  0.141151492424225E+004  0.160906965462180E+002  0.628744068487926E+002 -0.250982309516735E+000  0.359344440229540E+000 -0.985146621497641E-001 -0.144425179360197E+002 -0.706035435150648E+003
  0.107271753918492E+000  0.141140495638747E+004  0.134210555018771E+002  0.616145557216675E+002 -0.227188040758380E+000  0.372014467713321E+000 -0.147141074744018E+000 -0.144425179360197E+002 -0.705980451223256E+003
  0.107271753918492E+000  0.141139083424696E+004  0.164079818501278E+002  0.623338401786293E+002 -0.231789315685037E+000  0.373059785214922E+000 -0.147069831229921E+000 -0.144425179360197E+002 -0.705973390153001E+003
  0.107271753918492E+000  0.141137565702931E+004  0.126220713300518E+002  0.671949065138918E+002 -0.269639488829603E+000  0.342789857994381E+000 -0.520985635290430E-001 -0.144425179360197E+002 -0.705965801544178E+003
  0.107271753918492E+000  0.141131546094996E+004  0.120721013162957E+002  0.684925103327421E+002 -0.338578157526050E+000  0.342798915354012E+000  0.189983060813663E-001 -0.144425179360197E+002 -0.705935703504504E+003
  0.107271753918492E+000  0.141128206221904E+004  0.171264516481710E+002  0.576546888084491E+002 -0.242634208032001E+000  0.353344209109308E+000 -0.957729347684015E-001 -0.144425179360197E+002 -0.705919004139042E+003
  0.107271753918492E+000  0.141096416109424E+004  0.118106392455351E+002  0.655853223898198E+002 -0.253030266491156E+000  0.333978705896149E+000 -0.526078453305274E-001 -0.144425179360197E+002 -0.705760053576642E+003
  0.107271753918492E+000  0.141096068217122E+004  0.133337135166773E+002  0.631824940500840E+002 -0.252174966871150E+000  0.366411025803704E+000 -0.112566221096893E+000 -0.144425179360197E+002 -0.705758314115132E+003
  0.107271753918492E+000  0.141090671716483E+004  0.120235055566055E+002  0.672475514372720E+002 -0.327547971830710E+000  0.338873366907722E+000  0.552727706734579E-002 -0.144425179360197E+002 -0.705731331611936E+003
  0.107271753918492E+000  0.141073137121925E+004  0.189602746701162E+002  0.575501994858456E+002 -0.307165025028148E+000  0.360828494252319E+000 -0.498106105014120E-001 -0.144425179360197E+002 -0.705643658639150E+003
  0.107271753918492E+000  0.141056182422133E+004  0.154965103271530E+002  0.650802360286130E+002 -0.283384495518330E+000  0.341654665676025E+000 -0.450608340270691E-001 -0.144425179360197E+002 -0.705558885140187E+003
  0.107271753918492E+000  0.141055891203376E+004  0.124532566316908E+002  0.600690887260172E+002 -0.252068633939256E+000  0.373241567958625E+000 -0.129424357502030E+000 -0.144425179360197E+002 -0.705557429046405E+003
  0.107271753918492E+000  0.141054739067731E+004  0.187387972688433E+002  0.572793624166287E+002 -0.243203981993306E+000  0.351217089215250E+000 -0.932725908317238E-001 -0.144425179360197E+002 -0.705551668368176E+003
  0.107271753918492E+000  0.141046392409384E+004  0.168240247222531E+002  0.671457250584493E+002 -0.317555635739159E+000  0.349124996418464E+000 -0.139191160976075E-001 -0.144425179360197E+002 -0.705509935076442E+003
  0.107271753918492E+000  0.141042302603164E+004  0.178119676962237E+002  0.650058568175125E+002 -0.321931693858867E+000  0.328425914138185E+000  0.207631293739201E-001 -0.144425179360197E+002 -0.705489486045342E+003
  0.107271753918492E+000  0.141041527703367E+004  0.174026250196787E+002  0.576431411542926E+002 -0.247150311128455E+000  0.351327117182214E+000 -0.919478144170398E-001 -0.144425179360197E+002 -0.705485611546359E+003
  0.107271753918492E+000  0.141012641050849E+004  0.144455385156130E+002  0.611772050804245E+002 -0.281135942968199E+000  0.343963997396040E+000 -0.427021753516250E-001 -0.144425179360197E+002 -0.705341178283767E+003
  0.107271753918492E+000  0.141003568343459E+004  0.147983995601823E+002  0.642016747796127E+002 -0.239889559203612E+000  0.366933845204676E+000 -0.127667692317111E+000 -0.144425179360197E+002 -0.705295814746818E+003
  0.107271753918492E+000  0.141003435069500E+004  0.153008786348117E+002  0.626703801870741E+002 -0.242348319597314E+000  0.368353417834275E+000 -0.128634434271364E+000 -0.144425179360197E+002 -0.705295148377024E+003
  0.107271753918492E+000  0.141000401907100E+004  0.180828176365190E+002  0.681028686262013E+002 -0.349282894570730E+000  0.344662066206394E+000  0.254277498732414E-001 -0.144425179360197E+002 -0.705279982565022E+003
  0.107271753918492E+000  0.140998656360653E+004  0.166984212331738E+002  0.684100983995233E+002 -0.334948306016657E+000  0.332701401905294E+000  0.260544715434978E-001 -0.144425179360197E+002 -0.705271254832789E+003
  0.107271753918492E+000  0.140981180732675E+004  0.160134801346544E+002  0.606493788811031E+002 -0.252981148850244E+000  0.359312210204660E+000 -0.981099799372274E-001 -0.144425179360197E+002 -0.705183876692898E+003
  0.107271753918492E+000  0.140981053377901E+004  0.188434817467199E+002  0.574361870442588E+002 -0.306882773889746E+000  0.361235176758640E+000 -0.508467478466041E-001 -0.144425179360197E+002 -0.705183239919027E+003
  0.107271753918492E+000  0.140971967957836E+004  0.175240530902556E+002  0.683606881906924E+002 -0.292557033505447E+000  0.341054368417058E+000 -0.318514139529711E-001 -0.144425179360197E+002 -0.705137812818703E+003
  0.107271753918492E+000  0.140968884400731E+004  0.145021891586016E+002  0.586996316054416E+002 -0.257434901962437E+000  0.361689912533530E+000 -0.100507934130951E+000 -0.144425179360197E+002 -0.705122395033178E+003
  0.107271753918492E+000  0.140960651531092E+004  0.171129835284808E+002  0.671564828077815E+002 -0.285716047880143E+000  0.354020615048706E+000 -0.581087407658032E-001 -0.144425179360197E+002 -0.705081230684984E+003
  0.107271753918492E+000  0.140916531595261E+004  0.178173914938487E+002  0.619093300052450E+002 -0.249808171174041E+000  0.358306389953045E+000 -0.103313660196498E+000 -0.144425179360197E+002 -0.704860631005828E+003
  0.107271753918492E+000  0.140908367050281E+004  0.162748058040578E+002  0.679356717206704E+002 -0.316039051466916E+000  0.341658204186304E+000 -0.590642586297285E-002 -0.144425179360197E+002 -0.704819808280927E+003
  0.107271753918492E+000  0.140902987623425E+004  0.188740520431022E+002  0.603869992195956E+002 -0.248848596133345E+000  0.364684090299922E+000 -0.114388828238599E+000 -0.144425179360197E+002 -0.704792911146651E+003
  0.107271753918492E+000  0.140901657256995E+004  0.180217130328254E+002  0.645624816818587E+002 -0.274948929713894E+000  0.361957426288692E+000 -0.843519911370567E-001 -0.144425179360197E+002 -0.704786259314499E+003
  0.107271753918492E+000  0.140898541226155E+004  0.154460788100326E+002  0.687747091371638E+002 -0.325185053257511E+000  0.361787069081743E+000 -0.310512819052651E-001 -0.144425179360197E+002 -0.704770679160296E+003
  0.107271753918492E+000  0.140893345988954E+004  0.161504655747366E+002  0.629856485761129E+002 -0.264217064688740E+000  0.337445019308867E+000 -0.518410040014778E-001 -0.144425179360197E+002 -0.704744702974294E+003
  0.107271753918492E+000  0.140889288456742E+004  0.163550411377613E+002  0.664614569179354E+002 -0.325385060215187E+000  0.344928381670626E+000 -0.428710207678584E-002 -0.144425179360197E+002 -0.704724415313234E+003
  0.107271753918492E+000  0.140886403665193E+004  0.175825877428605E+002  0.677612639579212E+002 -0.325442767812968E+000  0.346434968872242E+000 -0.631884866484711E-002 -0.144425179360197E+002 -0.704709991355489E+003
  0.107271753918492E+000  0.140882665950038E+004  0.156587509960240E+002  0.600816802106293E+002 -0.280075727901357E+000  0.358981165139322E+000 -0.740874522019759E-001 -0.144425179360197E+002 -0.704691302779715E+003
  0.107271753918492E+000  0.140880186525636E+004  0.156797599933223E+002  0.654382584607313E+002 -0.298919056265734E+000  0.332546858838541E+000 -0.914346603156524E-002 -0.144425179360197E+002 -0.704678905657706E+003
  0.107271753918492E+000  0.140875283604841E+004  0.185319617679081E+002  0.641094391344810E+002 -0.295202382471720E+000  0.355723698837872E+000 -0.551047105278428E-001 -0.144425179360197E+002 -0.704654391053726E+003
  0.107271753918492E+000  0.140871955887257E+004  0.170966810954328E+002  0.641687253828171E+002 -0.252192883844371E+000  0.340289982250726E+000 -0.656799770380712E-001 -0.144425179360197E+002 -0.704637752465806E+003
  0.107271753918492E+000  0.140864713310460E+004  0.166069592196280E+002  0.677016317079043E+002 -0.307692929141384E+000  0.349519281057575E+000 -0.288984234601646E-001 -0.144425179360197E+002 -0.704601539581821E+003
  0.107271753918492E+000  0.140860588704216E+004  0.174261823312209E+002  0.627496132715897E+002 -0.274025239063869E+000  0.353372637125668E+000 -0.727297164847283E-001 -0.144425179360197E+002 -0.704580916550601E+003
  0.107271753918492E+000  0.140858800769891E+004  0.193274857674880E+002  0.673770630692832E+002 -0.294817373617382E+000  0.345912960490171E+000 -0.357770288748700E-001 -0.144425179360197E+002 -0.704571976878977E+003
  0.107271753918492E+000  0.140853371032204E+004  0.159126338908877E+002  0.656415658404182E+002 -0.298226504872801E+000  0.339943150972887E+000 -0.252801214144807E-001 -0.144425179360197E+002 -0.704544828190545E+003
  0.107271753918492E+000  0.140852583252254E+004  0.192352056677534E+002  0.658326456813442E+002 -0.295110392752904E+000  0.341077746953276E+000 -0.260385545245416E-001 -0.144425179360197E+002 -0.704540889290794E+003
  0.107271753918492E+000  0.140827517538183E+004  0.181977087149021E+002  0.665315672093056E+002 -0.308383978533572E+000  0.355163667490123E+000 -0.368443333251047E-001 -0.144425179360197E+002 -0.704415560720438E+003
  0.107271753918492E+000  0.140794502165413E+004  0.183304869651693E+002  0.655492956439120E+002 -0.278077682315061E+000  0.349491724506834E+000 -0.604437665085769E-001 -0.144425179360197E+002 -0.704250483856590E+003
  0.107271753918492E+000  0.140782454389537E+004  0.134552003471713E+002  0.667085562552618E+002 -0.320763670908809E+000  0.346303067593875E+000 -0.874454032181937E-002 -0.144425179360197E+002 -0.704190244977208E+003
  0.107271753918492E+000  0.140781093807016E+004  0.135456530847321E+002  0.665633925695594E+002 -0.319940487171718E+000  0.346603004957503E+000 -0.101155454773210E-001 -0.144425179360197E+002 -0.704183442064606E+003
  0.107271753918492E+000  0.140760577806285E+004  0.140253899905798E+002  0.613133340200631E+002 -0.287511264705109E+000  0.360239506040570E+000 -0.699650756539789E-001 -0.144425179360197E+002 -0.704080862060948E+003
  0.107271753918492E+000  0.140740824592417E+004  0.155635688281251E+002  0.644417169966404E+002 -0.267690849836852E+000  0.353748574417439E+000 -0.769633256621027E-001 -0.144425179360197E+002 -0.703982095991608E+003
  0.107271753918492E+000  0.140634932689283E+004  0.165580160802258E+002  0.677253842739767E+002 -0.278838990053969E+000  0.337552557277043E+000 -0.379145871894000E-001 -0.144425179360197E+002 -0.703452636475936E+003
