  0.226418293349865E-001  0.144025173021888E+004 -0.954364381886960E+001  0.669533660320508E+002 -0.464920624169265E+000  0.160009479646024E+001  0.338587942060093E+001 -0.144425179360197E+002 -0.720783265379703E+003
  0.226418293349865E-001  0.143636824330212E+004  0.719813504482926E+001  0.736096043659604E+002 -0.426004389266341E+000  0.153884964223852E+001  0.516582160022178E+001 -0.144425179360197E+002 -0.718841521921321E+003
  0.226418293349865E-001  0.144816053167222E+004  0.164170342988792E+002  0.744859821921455E+002 -0.443282687339754E+000  0.269135864106297E+001  0.989520299784144E+001 -0.144425179360197E+002 -0.724737666106370E+003
  0.226418293349865E-001  0.144053404014529E+004 -0.929827594375769E+001  0.752091931927934E+002 -0.746746582022151E+000  0.301832392438518E+001  0.538319208312937E+001 -0.144425179360197E+002 -0.720924420342907E+003
  0.226418293349865E-001  0.144658947142451E+004 -0.671465158586245E+001  0.765378989135882E+002 -0.765331107620466E+000  0.323282029074370E+001  0.976894575599975E+001 -0.144425179360197E+002 -0.723952135982518E+003
  0.226418293349865E-001  0.143642574241502E+004  0.999358655061952E+001  0.742176205770884E+002 -0.461235867354834E+000  0.145129528515566E+001  0.482539479973719E+001 -0.144425179360197E+002 -0.718870271477772E+003
  0.226418293349865E-001  0.143649992126763E+004 -0.150218155149875E+002  0.705023264161475E+002 -0.795706038974573E+000  0.401880391185283E+001  0.566433216665074E+001 -0.144425179360197E+002 -0.718907360904076E+003
  0.226418293349865E-001  0.144076935745687E+004 -0.112524994227989E+002  0.641320280698327E+002 -0.615562785161611E+000  0.327518194549751E+001  0.658783554492447E+001 -0.144425179360197E+002 -0.721042078998700E+003
  0.226418293349865E-001  0.144088278137888E+004  0.101023728427004E+002  0.820958305772308E+002 -0.766610341626886E+000  0.352440221274570E+001  0.988117792790498E+001 -0.144425179360197E+002 -0.721098790959703E+003
  0.226418293349865E-001  0.143371593844465E+004  0.119330362721799E+002  0.788786924996202E+002 -0.662847703220680E+000  0.305933677058639E+001  0.653482454925879E+001 -0.144425179360197E+002 -0.717515369492589E+003
  0.226418293349865E-001  0.144457300842059E+004  0.938219731929148E+001  0.817850405569030E+002 -0.847629810368866E+000  0.497839263017048E+001  0.985834769529315E+001 -0.144425179360197E+002 -0.722943904480555E+003
  0.226418293349865E-001  0.144417929068156E+004 -0.416490529992043E+001  0.649465494495385E+002 -0.459343307031286E+000  0.246701908793536E+001  0.913272815981789E+001 -0.144425179360197E+002 -0.722747045611044E+003
  0.226418293349865E-001  0.144380849950262E+004 -0.916334782098417E+001  0.678092993464134E+002 -0.337499558733912E+000  0.788941481113124E+000  0.376563080025412E+001 -0.144425179360197E+002 -0.722561650021572E+003
  0.226418293349865E-001  0.144164550516813E+004 -0.120937712078686E+002  0.672172834705491E+002 -0.509567054884837E+000  0.171618194562013E+001  0.592163739795044E+001 -0.144425179360197E+002 -0.721480152854328E+003
  0.226418293349865E-001  0.143375676066328E+004  0.123339985377218E+002  0.766307792330910E+002 -0.625862926302942E+000  0.331508760752236E+001  0.876530897383717E+001 -0.144425179360197E+002 -0.717535780601900E+003
  0.226418293349865E-001  0.144253345479221E+004  0.118931068744886E+002  0.783878213394806E+002 -0.850019022881247E+000  0.493657359918066E+001  0.760638820035374E+001 -0.144425179360197E+002 -0.721924127666365E+003
  0.226418293349865E-001  0.144010377800944E+004  0.108298502577347E+002  0.743599690652235E+002 -0.829123916616402E+000  0.372461013641153E+001  0.576782907946473E+001 -0.144425179360197E+002 -0.720709289274980E+003
  0.226418293349865E-001  0.143995855630636E+004 -0.178371594311554E+002  0.781758240943990E+002 -0.854916772938969E+000  0.433458762900430E+001  0.520293529799379E+001 -0.144425179360197E+002 -0.720636678423444E+003
  0.226418293349865E-001  0.143654244464117E+004  0.184604760743839E+002  0.700698876473084E+002 -0.513340442407400E+000  0.261616573847589E+001  0.726285956608295E+001 -0.144425179360197E+002 -0.718928622590846E+003
  0.226418293349865E-001  0.143969550475650E+004  0.992358547121463E+001  0.815944700286263E+002 -0.526143611926754E+000  0.247120466523476E+001  0.828257443622643E+001 -0.144425179360197E+002 -0.720505152648511E+003
  0.226418293349865E-001  0.143964975331738E+004 -0.741307621041951E+000  0.808646863473606E+002 -0.553697236389499E+000  0.221282044811839E+001  0.378464278988567E+001 -0.144425179360197E+002 -0.720482276928954E+003
  0.226418293349865E-001  0.143656540255297E+004 -0.452441621978873E+001  0.697958862381571E+002 -0.664049697415393E+000  0.366633046538168E+001  0.690287603626138E+001 -0.144425179360197E+002 -0.718940101546749E+003
  0.226418293349865E-001  0.143657636998494E+004 -0.146879059767676E+002  0.704815929957975E+002 -0.835156174057230E+000  0.454435424030979E+001  0.703158828311606E+001 -0.144425179360197E+002 -0.718945585262735E+003
  0.226418293349865E-001  0.143664053740842E+004  0.114157678973234E+001  0.665825412368128E+002 -0.783511735914791E+000  0.400662605568693E+001  0.742174959977075E+001 -0.144425179360197E+002 -0.718977668974470E+003
  0.226418293349865E-001  0.143942770205313E+004  0.165417853358142E+002  0.645865482770363E+002 -0.508910998603485E+000  0.205729186920003E+001  0.604976177392360E+001 -0.144425179360197E+002 -0.720371251296826E+003
  0.226418293349865E-001  0.143940470012951E+004 -0.194000090034413E+002  0.709618985226135E+002 -0.858352632902418E+000  0.477235786455448E+001  0.614251702581955E+001 -0.144425179360197E+002 -0.720359750335017E+003
  0.226418293349865E-001  0.143375887330562E+004 -0.653989445953546E+001  0.723740030108116E+002 -0.775326845344543E+000  0.443077311427075E+001  0.958739242942782E+001 -0.144425179360197E+002 -0.717536836923075E+003
  0.226418293349865E-001  0.143920098985534E+004 -0.191355293594067E+002  0.783556266403226E+002 -0.611940943697194E+000  0.272546699457766E+001  0.363547584221201E+001 -0.144425179360197E+002 -0.720257895197931E+003
  0.226418293349865E-001  0.143919301983665E+004  0.254355662528522E+001  0.809268004876444E+002 -0.768945945370310E+000  0.340055578965096E+001  0.726005592500407E+001 -0.144425179360197E+002 -0.720253910188587E+003
  0.226418293349865E-001  0.143912789818536E+004 -0.145061926775432E+002  0.719993756630983E+002 -0.504926406704214E+000  0.170127111562387E+001  0.632144258439251E+001 -0.144425179360197E+002 -0.720221349362943E+003
  0.226418293349865E-001  0.143666149991818E+004  0.171744519230358E+002  0.744536671874678E+002 -0.877727314370165E+000  0.465734079044088E+001  0.737551505206542E+001 -0.144425179360197E+002 -0.718988150229351E+003
  0.226418293349865E-001  0.143903424239403E+004 -0.273847651061448E+000  0.768679541872599E+002 -0.890533557195874E+000  0.490074735533548E+001  0.752264567048750E+001 -0.144425179360197E+002 -0.720174521467280E+003
  0.226418293349865E-001  0.143666822578548E+004  0.165841541139409E+002  0.821076814426445E+002 -0.708115658067582E+000  0.343177906452377E+001  0.885035310178291E+001 -0.144425179360197E+002 -0.718991513163004E+003
  0.226418293349865E-001  0.143885479400550E+004  0.589040344613268E+001  0.728465707468041E+002 -0.899451061022218E+000  0.456319747596243E+001  0.653028685269809E+001 -0.144425179360197E+002 -0.720084797273013E+003
  0.226418293349865E-001  0.143375970941764E+004  0.101350548505677E+001  0.748463748236675E+002 -0.514465648467648E+000  0.190263756990166E+001  0.494174616362906E+001 -0.144425179360197E+002 -0.717537254979083E+003
  0.226418293349865E-001  0.143667552594823E+004 -0.141060186746252E+002  0.786031281187655E+002 -0.590188219496478E+000  0.213714955113309E+001  0.473629771698884E+001 -0.144425179360197E+002 -0.718995163244375E+003
  0.226418293349865E-001  0.143867576486343E+004 -0.192885808112776E+002  0.633836901393619E+002 -0.134951661560572E+000 -0.103797218479651E+000 -0.128680641657168E+001 -0.144425179360197E+002 -0.719995282701976E+003
  0.226418293349865E-001  0.143865846194713E+004  0.134939048550700E+002  0.689589164615623E+002 -0.661491571205235E+000  0.262019990620219E+001  0.613609697966412E+001 -0.144425179360197E+002 -0.719986631243829E+003
  0.226418293349865E-001  0.143863329881563E+004  0.221631196731009E+001  0.824729169037756E+002 -0.794917177070883E+000  0.407777666057787E+001  0.900190318050014E+001 -0.144425179360197E+002 -0.719974049678077E+003
  0.226418293349865E-001  0.143844443424144E+004  0.308337509000329E+001  0.694763694255136E+002 -0.867765858413153E+000  0.431543108952323E+001  0.722505729770985E+001 -0.144425179360197E+002 -0.719879617390981E+003
  0.226418293349865E-001  0.143672692003964E+004 -0.202648869389250E+001  0.647469141629904E+002 -0.732958015953939E+000  0.395489675313311E+001  0.919697941222854E+001 -0.144425179360197E+002 -0.719020860290083E+003
  0.226418293349865E-001  0.143828951303697E+004  0.127794402762754E+002  0.780892349945022E+002 -0.609410090297932E+000  0.321843017345690E+001  0.663966078336078E+001 -0.144425179360197E+002 -0.719802156788748E+003
  0.226418293349865E-001  0.143377402122682E+004 -0.815455896982882E+001  0.756530700612348E+002 -0.772701781363366E+000  0.376252033426874E+001  0.665072764049585E+001 -0.144425179360197E+002 -0.717544410883674E+003
  0.226418293349865E-001  0.143684570199080E+004  0.356284248873979E+001  0.726029802628766E+002 -0.476283550658475E+000  0.232079198860363E+001  0.730900035014951E+001 -0.144425179360197E+002 -0.719080251265663E+003
  0.226418293349865E-001  0.143813499603476E+004  0.164655749667729E+002  0.657491119992585E+002 -0.591046484805410E+000  0.332073543705350E+001  0.959789453570192E+001 -0.144425179360197E+002 -0.719724898287643E+003
  0.226418293349865E-001  0.143809819149951E+004 -0.134208981957054E+002  0.811070697472394E+002 -0.539681875430466E+000  0.245818236356382E+001  0.833629370421600E+001 -0.144425179360197E+002 -0.719706496020020E+003
  0.226418293349865E-001  0.143687248614646E+004 -0.300367558609865E+001  0.771656668138151E+002 -0.692479185184459E+000  0.299572681533766E+001  0.885937076869521E+001 -0.144425179360197E+002 -0.719093643343490E+003
  0.226418293349865E-001  0.143798387229567E+004 -0.742827141678648E+001  0.734217549944299E+002 -0.448293087407988E+000  0.211463884386672E+001  0.748446904906972E+001 -0.144425179360197E+002 -0.719649336418095E+003
  0.226418293349865E-001  0.143698102999355E+004 -0.115843431637209E+002  0.795468769183773E+002 -0.855220985292202E+000  0.455031073418556E+001  0.955111256037175E+001 -0.144425179360197E+002 -0.719147915267037E+003
  0.226418293349865E-001  0.143781467002985E+004 -0.563862175548568E+000  0.731436439963109E+002 -0.901440850438029E+000  0.494597446717411E+001  0.769027783158640E+001 -0.144425179360197E+002 -0.719564735285185E+003
  0.226418293349865E-001  0.143781087768762E+004  0.165579339886532E+002  0.789215661086457E+002 -0.506205064875983E+000  0.223648911466617E+001  0.869419810510089E+001 -0.144425179360197E+002 -0.719562839114072E+003
  0.226418293349865E-001  0.143778977336887E+004 -0.183954631260375E+002  0.745591632279679E+002 -0.627597316750286E+000  0.366326012203768E+001  0.905359954615712E+001 -0.144425179360197E+002 -0.719552286954695E+003
  0.226418293349865E-001  0.143698704367904E+004  0.164428976287386E+002  0.756768223057997E+002 -0.638355316195621E+000  0.266010287770349E+001  0.865592276016142E+001 -0.144425179360197E+002 -0.719150922109783E+003
  0.226418293349865E-001  0.143703432449470E+004  0.141875029306987E+002  0.708108769905831E+002 -0.592318989209825E+000  0.243785413252701E+001  0.378627391191645E+001 -0.144425179360197E+002 -0.719174562517612E+003
  0.226418293349865E-001  0.143711357517668E+004  0.150862690048464E+002  0.740480150835322E+002 -0.753678719342697E+000  0.333813771713303E+001  0.497527802698728E+001 -0.144425179360197E+002 -0.719214187858602E+003
  0.226418293349865E-001  0.143760156672340E+004 -0.575169014266289E+001  0.697385890270186E+002 -0.680137380719842E+000  0.284233882756725E+001  0.472461579745691E+001 -0.144425179360197E+002 -0.719458183631964E+003
  0.226418293349865E-001  0.143753516617054E+004  0.865888646106913E+001  0.588753723103380E+002 -0.122715874899093E+000  0.357551292221006E+000 -0.214551213749281E+001 -0.144425179360197E+002 -0.719424983355533E+003
  0.226418293349865E-001  0.143752644780109E+004  0.229333995556098E+001  0.683806858667403E+002 -0.617437973664639E+000  0.350435232730108E+001  0.814496717178232E+001 -0.144425179360197E+002 -0.719420624170805E+003
  0.226418293349865E-001  0.143745441505023E+004  0.112765040745916E+002  0.751599716381153E+002 -0.720836955617993E+000  0.391669580401599E+001  0.589000197299784E+001 -0.144425179360197E+002 -0.719384607795379E+003
  0.226418293349865E-001  0.143715310910026E+004  0.142081944794622E+002  0.672989433903338E+002 -0.794368861089756E+000  0.393761804387822E+001  0.689860673740818E+001 -0.144425179360197E+002 -0.719233954820392E+003
  0.226418293349865E-001  0.143736949642069E+004  0.161262635510904E+002  0.738232457592464E+002 -0.475253395776723E+000  0.207324485912115E+001  0.455622271177762E+001 -0.144425179360197E+002 -0.719342148480607E+003
  0.226418293349865E-001  0.143717750185709E+004 -0.181793617996740E+002  0.668985989783341E+002 -0.782374946871550E+000  0.389728781289621E+001  0.678691536963542E+001 -0.144425179360197E+002 -0.719246151198810E+003
  0.226418293349865E-001  0.143380797798243E+004  0.154581372622626E+002  0.721675901141833E+002 -0.605045282923326E+000  0.309412552182945E+001  0.668536084809468E+001 -0.144425179360197E+002 -0.717561389261476E+003
  0.226418293349865E-001  0.143730242315383E+004  0.680350252500943E+000  0.681277830829860E+002 -0.709456730536810E+000  0.423621734339586E+001  0.974393716761707E+001 -0.144425179360197E+002 -0.719308611847176E+003
  0.226418293349865E-001  0.143630221232157E+004  0.110843002387536E+001  0.680756984343281E+002 -0.702532120954791E+000  0.363074415765135E+001  0.595545932083233E+001 -0.144425179360197E+002 -0.718808506431048E+003
  0.226418293349865E-001  0.143626206753955E+004 -0.141599904280760E+002  0.753106044921176E+002 -0.828127245221595E+000  0.392552236981332E+001  0.757260235732483E+001 -0.144425179360197E+002 -0.718788434040037E+003
  0.226418293349865E-001  0.143623872512368E+004 -0.189877560897442E+002  0.769152319603126E+002 -0.847726205325043E+000  0.453667890469524E+001  0.780416421378330E+001 -0.144425179360197E+002 -0.718776762832101E+003
  0.226418293349865E-001  0.143620197590909E+004  0.161307242659579E+002  0.737235056319288E+002 -0.726553045586097E+000  0.326443901163457E+001  0.469097629518268E+001 -0.144425179360197E+002 -0.718758388224809E+003
  0.226418293349865E-001  0.143384467849937E+004 -0.918261193199113E+001  0.724080787781693E+002 -0.507260650093091E+000  0.208139221603440E+001  0.500022963433920E+001 -0.144425179360197E+002 -0.717579739519948E+003
  0.226418293349865E-001  0.143619815531901E+004  0.134506433413770E+002  0.705039371791308E+002 -0.798532916635650E+000  0.455505093672781E+001  0.814832143688270E+001 -0.144425179360197E+002 -0.718756477929768E+003
  0.226418293349865E-001  0.143618080183935E+004  0.781289485646549E+001  0.711904975369315E+002 -0.586964935731180E+000  0.336228550653201E+001  0.963916903869455E+001 -0.144425179360197E+002 -0.718747801189939E+003
  0.226418293349865E-001  0.143615020982751E+004  0.135233031625553E+002  0.709772684269050E+002 -0.517086503023209E+000  0.267889135179742E+001  0.796811554012077E+001 -0.144425179360197E+002 -0.718732505184016E+003
  0.226418293349865E-001  0.143611111220839E+004  0.105960927695114E+002  0.750269476045927E+002 -0.579453249485392E+000  0.280563024956462E+001  0.505240103544663E+001 -0.144425179360197E+002 -0.718712956374459E+003
  0.226418293349865E-001  0.143604143382188E+004 -0.111560565846240E+002  0.721063555839424E+002 -0.570058991573182E+000  0.228838815030141E+001  0.780828876570198E+001 -0.144425179360197E+002 -0.718678117181201E+003
  0.226418293349865E-001  0.143603509351654E+004  0.423374283421433E+001  0.680527802130849E+002 -0.570427584983407E+000  0.301432478412633E+001  0.774184947652698E+001 -0.144425179360197E+002 -0.718674947028531E+003
  0.226418293349865E-001  0.143598723791204E+004 -0.182897152799578E+002  0.779183230379798E+002 -0.723854450434809E+000  0.390880699798373E+001  0.749755283434089E+001 -0.144425179360197E+002 -0.718651019226281E+003
  0.226418293349865E-001  0.143595570991263E+004 -0.845913412605621E+001  0.729024675504956E+002 -0.686298426082075E+000  0.367695820332203E+001  0.605231180736622E+001 -0.144425179360197E+002 -0.718635255226579E+003
  0.226418293349865E-001  0.143389341161115E+004  0.487647372342435E+001  0.706742244479427E+002 -0.831577750872413E+000  0.449321385520265E+001  0.897463341368594E+001 -0.144425179360197E+002 -0.717604106075835E+003
  0.226418293349865E-001  0.143583397464931E+004 -0.132354824516121E+002  0.701609162486147E+002 -0.471230080731290E+000  0.162529149186604E+001  0.483045552087986E+001 -0.144425179360197E+002 -0.718574387594916E+003
  0.226418293349865E-001  0.143581695723507E+004 -0.117297115901386E+002  0.688372506259774E+002 -0.473280910604837E+000  0.192798924344601E+001  0.579094505778538E+001 -0.144425179360197E+002 -0.718565878887797E+003
  0.226418293349865E-001  0.143575592229684E+004 -0.397954960534303E+000  0.713548705348706E+002 -0.639093202685820E+000  0.344559909506599E+001  0.663638437367785E+001 -0.144425179360197E+002 -0.718535361418680E+003
  0.226418293349865E-001  0.143573176069317E+004  0.144107891367808E+002  0.678830144448124E+002 -0.739877633126876E+000  0.370836803399128E+001  0.628563233886785E+001 -0.144425179360197E+002 -0.718523280616849E+003
  0.226418293349865E-001  0.143393575069409E+004 -0.656393276591071E+000  0.785520193870529E+002 -0.772135943455913E+000  0.403072818825818E+001  0.898379356174763E+001 -0.144425179360197E+002 -0.717625275617308E+003
  0.226418293349865E-001  0.143570085143329E+004  0.130870306272610E+002  0.680337361531462E+002 -0.523648204305298E+000  0.243739502778459E+001  0.818824289234666E+001 -0.144425179360197E+002 -0.718507825986907E+003
  0.226418293349865E-001  0.143569364221570E+004  0.660161353838592E+001  0.715034530335486E+002 -0.759265740209775E+000  0.406926959134059E+001  0.624014458123800E+001 -0.144425179360197E+002 -0.718504221378111E+003
  0.226418293349865E-001  0.143561784982069E+004  0.141641680577236E+002  0.710510811199770E+002 -0.690174907718815E+000  0.407392400102470E+001  0.977369929910728E+001 -0.144425179360197E+002 -0.718466325180609E+003
  0.226418293349865E-001  0.143556428748337E+004 -0.143970459501253E+002  0.665205025778089E+002 -0.631195922835884E+000  0.286451358910217E+001  0.765730877455448E+001 -0.144425179360197E+002 -0.718439544011948E+003
  0.226418293349865E-001  0.143552246191924E+004  0.122843897051327E+002  0.681299124580973E+002 -0.662086857022248E+000  0.343972959965021E+001  0.643065764284972E+001 -0.144425179360197E+002 -0.718418631229881E+003
  0.226418293349865E-001  0.143552071279050E+004 -0.853167608734343E+001  0.797098533098797E+002 -0.733203784628339E+000  0.380400572165980E+001  0.785832949668232E+001 -0.144425179360197E+002 -0.718417756665514E+003
  0.226418293349865E-001  0.143551688805845E+004 -0.131387092243064E+002  0.766353197879513E+002 -0.475427913733029E+000  0.188905308606532E+001  0.624946744015147E+001 -0.144425179360197E+002 -0.718415844299485E+003
  0.226418293349865E-001  0.143547428739756E+004 -0.528172110044964E+001  0.762713789281070E+002 -0.544991256392737E+000  0.270416289684721E+001  0.704223357617703E+001 -0.144425179360197E+002 -0.718394543969044E+003
  0.226418293349865E-001  0.143543358036964E+004  0.165865058693656E+002  0.762795368075956E+002 -0.709464956956816E+000  0.318985880429892E+001  0.486977218952859E+001 -0.144425179360197E+002 -0.718374190455083E+003
  0.226418293349865E-001  0.143540161767926E+004  0.779119496090051E+001  0.791511591619550E+002 -0.825593696361251E+000  0.427271907350973E+001  0.976840896433986E+001 -0.144425179360197E+002 -0.718358209109892E+003
  0.226418293349865E-001  0.143536563545652E+004  0.782722030700090E+001  0.778605179984485E+002 -0.612210493993574E+000  0.234586386183978E+001  0.520754885595886E+001 -0.144425179360197E+002 -0.718340217998520E+003
  0.226418293349865E-001  0.143521633176900E+004 -0.233263910527979E+001  0.780477139926450E+002 -0.598705322496332E+000  0.307735837867026E+001  0.799106252312197E+001 -0.144425179360197E+002 -0.718265566154764E+003
  0.226418293349865E-001  0.143516425112609E+004 -0.486363336684671E+001  0.756238326208421E+002 -0.721345924181183E+000  0.386420325645750E+001  0.676624964232784E+001 -0.144425179360197E+002 -0.718239525833308E+003
  0.226418293349865E-001  0.143516158569191E+004  0.671260065921466E+000  0.795277078203476E+002 -0.569133821359749E+000  0.259386762463191E+001  0.807853113791537E+001 -0.144425179360197E+002 -0.718238193116216E+003
  0.226418293349865E-001  0.143513940330573E+004 -0.706588820036208E+001  0.747177337001497E+002 -0.846527140872449E+000  0.466951636231768E+001  0.863498819990523E+001 -0.144425179360197E+002 -0.718227101923128E+003
  0.226418293349865E-001  0.143510487824545E+004 -0.160664147631570E+002  0.786527026373952E+002 -0.728898013957189E+000  0.333174574470554E+001  0.862620270379834E+001 -0.144425179360197E+002 -0.718209839392986E+003
  0.226418293349865E-001  0.143508601139472E+004  0.436772936646484E+001  0.771226455200700E+002 -0.661114089611535E+000  0.271028345373252E+001  0.677977072650359E+001 -0.144425179360197E+002 -0.718200405967622E+003
  0.226418293349865E-001  0.143395287678617E+004 -0.191128070300141E+002  0.782953636256144E+002 -0.628155467335789E+000  0.285635420785721E+001  0.580261960658898E+001 -0.144425179360197E+002 -0.717633838663346E+003
  0.226418293349865E-001  0.143506026509885E+004  0.969861750552324E+001  0.674883037132871E+002 -0.563783632258166E+000  0.268242836288219E+001  0.854904823734961E+001 -0.144425179360197E+002 -0.718187532819685E+003
  0.226418293349865E-001  0.143397055918963E+004 -0.194108695650354E+002  0.737970277246708E+002 -0.632606115605813E+000  0.253252981984400E+001  0.560134437321136E+001 -0.144425179360197E+002 -0.717642679865078E+003
  0.226418293349865E-001  0.143496027730446E+004  0.688933772853222E+001  0.762171498302162E+002 -0.230751775186962E+000  0.291689921368105E+000 -0.302777905390135E+000 -0.144425179360197E+002 -0.718137538922494E+003
  0.226418293349865E-001  0.143495867182679E+004  0.789939974075063E+001  0.696888040256147E+002 -0.817450351298847E+000  0.408744135157980E+001  0.875435856305739E+001 -0.144425179360197E+002 -0.718136736183657E+003
  0.226418293349865E-001  0.143492037439286E+004  0.157017970709023E+001  0.763703867676046E+002 -0.596922308410906E+000  0.325397386485292E+001  0.970399520846082E+001 -0.144425179360197E+002 -0.718117587466694E+003
  0.226418293349865E-001  0.143490190850526E+004  0.141981614887900E+000  0.645350333322041E+002 -0.166718920233425E+000 -0.126753968632718E-001 -0.101588803212269E+001 -0.144425179360197E+002 -0.718108354522892E+003
  0.226418293349865E-001  0.143489603940721E+004  0.190126138770132E+001  0.693827041788483E+002 -0.780972961967058E+000  0.432344156462699E+001  0.813456854968802E+001 -0.144425179360197E+002 -0.718105419973867E+003
  0.226418293349865E-001  0.143487762131675E+004  0.696944532303430E+001  0.726355380014170E+002 -0.838533284352210E+000  0.481770155570782E+001  0.983278668566780E+001 -0.144425179360197E+002 -0.718096210928635E+003
  0.226418293349865E-001  0.143482396059862E+004  0.102538361449472E+002  0.760248008826053E+002 -0.529594053935509E+000  0.258244636145859E+001  0.794237878749246E+001 -0.144425179360197E+002 -0.718069380569570E+003
  0.226418293349865E-001  0.143481857881031E+004 -0.124714804165051E+002  0.782697095045852E+002 -0.702145277515332E+000  0.337428501871381E+001  0.582277248489499E+001 -0.144425179360197E+002 -0.718066689675416E+003
  0.226418293349865E-001  0.143475849842708E+004  0.191871674022178E+002  0.736350070426972E+002 -0.637171627174264E+000  0.345432526541748E+001  0.748638466198862E+001 -0.144425179360197E+002 -0.718036649483801E+003
  0.226418293349865E-001  0.143475326063456E+004 -0.188539898884356E+002  0.798193707494009E+002 -0.587695199867905E+000  0.263108468047764E+001  0.734036068851313E+001 -0.144425179360197E+002 -0.718034030587541E+003
  0.226418293349865E-001  0.143473112977493E+004  0.154633602145609E+002  0.716860231526669E+002 -0.821243937349835E+000  0.404297790856885E+001  0.883301178111278E+001 -0.144425179360197E+002 -0.718022965157726E+003
  0.226418293349865E-001  0.143405389939702E+004 -0.139837300731643E+002  0.768090731018047E+002 -0.630588165895648E+000  0.320351394527641E+001  0.701867787099050E+001 -0.144425179360197E+002 -0.717684349968774E+003
  0.226418293349865E-001  0.143408263524752E+004 -0.862043152513066E+001  0.711586850476860E+002 -0.686564373874866E+000  0.340044503192044E+001  0.565777664739668E+001 -0.144425179360197E+002 -0.717698717894022E+003
  0.226418293349865E-001  0.143462273718033E+004  0.171394235240527E+002  0.747112718660051E+002 -0.556444780801545E+000  0.206023157968114E+001  0.594712400235991E+001 -0.144425179360197E+002 -0.717968768860428E+003
  0.226418293349865E-001  0.143460560769791E+004 -0.123599070562122E+002  0.698446921730928E+002 -0.512422803293464E+000  0.231739511604799E+001  0.766993235445460E+001 -0.144425179360197E+002 -0.717960204119216E+003
  0.226418293349865E-001  0.143460029714108E+004 -0.629118577970985E+001  0.710165973062876E+002 -0.656128718002678E+000  0.278302763834894E+001  0.516053920068381E+001 -0.144425179360197E+002 -0.717957548840804E+003
  0.226418293349865E-001  0.143454648904871E+004  0.176996423511326E+002  0.683447655954333E+002 -0.576586778477288E+000  0.288092608922473E+001  0.706626714706787E+001 -0.144425179360197E+002 -0.717930644794619E+003
  0.226418293349865E-001  0.143454144975308E+004 -0.909293112494440E+001  0.777388605215519E+002 -0.723946023693817E+000  0.385371161543152E+001  0.790525477557343E+001 -0.144425179360197E+002 -0.717928125146803E+003
  0.226418293349865E-001  0.143453967139249E+004 -0.186872735265457E+002  0.767484541496487E+002 -0.795569767766470E+000  0.414308038220628E+001  0.738499837891694E+001 -0.144425179360197E+002 -0.717927235966508E+003
  0.226418293349865E-001  0.143453171826329E+004  0.813249287102068E+001  0.738589638414796E+002 -0.480333420966072E+000  0.203438257818372E+001  0.643654123404276E+001 -0.144425179360197E+002 -0.717923259401906E+003
  0.226418293349865E-001  0.143408458956730E+004  0.303226825519585E+001  0.719472830834130E+002 -0.517284240621924E+000  0.190391997639607E+001  0.528247362155705E+001 -0.144425179360197E+002 -0.717699695053913E+003
  0.226418293349865E-001  0.143441700640712E+004  0.450310108556536E+000  0.692517396022965E+002 -0.703038562647091E+000  0.359709237256381E+001  0.637348962641417E+001 -0.144425179360197E+002 -0.717865903473822E+003
  0.226418293349865E-001  0.143408862667511E+004 -0.877553630781201E+001  0.683629732920019E+002 -0.803243055786804E+000  0.422248701913975E+001  0.995704979697447E+001 -0.144425179360197E+002 -0.717701713607819E+003
  0.226418293349865E-001  0.143434512350567E+004 -0.245912059662161E+001  0.716980179803884E+002 -0.771962101633974E+000  0.379831312326387E+001  0.621311087401941E+001 -0.144425179360197E+002 -0.717829962023095E+003
  0.226418293349865E-001  0.143434370578483E+004  0.158392983812627E+002  0.677791041328562E+002 -0.735753238209488E+000  0.405161507735885E+001  0.886672628124787E+001 -0.144425179360197E+002 -0.717829253162679E+003
  0.226418293349865E-001  0.143432718098547E+004 -0.137158970419924E+002  0.724595537518589E+002 -0.689416647933091E+000  0.307371854356070E+001  0.860850555614061E+001 -0.144425179360197E+002 -0.717820990762999E+003
  0.226418293349865E-001  0.143429030427232E+004  0.102549761161774E+002  0.784746207590669E+002 -0.644768750208995E+000  0.337729099521094E+001  0.892474289133388E+001 -0.144425179360197E+002 -0.717802552406424E+003
  0.226418293349865E-001  0.143427331326307E+004  0.138744523391978E+002  0.760182454819054E+002 -0.607538440641195E+000  0.237411597316806E+001  0.611272124419777E+001 -0.144425179360197E+002 -0.717794056901797E+003
  0.226418293349865E-001  0.143416918569833E+004 -0.316120429866249E+001  0.779554913313074E+002 -0.539770179251818E+000  0.216483602403329E+001  0.564651345855860E+001 -0.144425179360197E+002 -0.717741993119428E+003
  0.226418293349865E-001  0.143414724688264E+004 -0.120467677693918E+002  0.740513535519231E+002 -0.855109752929184E+000  0.443274442792888E+001  0.991546846012096E+001 -0.144425179360197E+002 -0.717731023711584E+003
  0.226418293349865E-001  0.143414135898364E+004  0.116088516310367E+002  0.751246729459604E+002 -0.644225185735436E+000  0.327932133297476E+001  0.627792416717674E+001 -0.144425179360197E+002 -0.717728079762081E+003
  0.226418293349865E-001  0.143393790334370E+004  0.289944624237927E+001  0.682349890525910E+002 -0.642156754395991E+000  0.306941170323778E+001  0.897220919919524E+001 -0.144425179360197E+002 -0.717506962809383E+003
  0.226418293349865E-001  0.143387709416316E+004  0.172991219411787E+002  0.698733507743118E+002 -0.725154772595218E+000  0.342832867888793E+001  0.669769069215516E+001 -0.144425179360197E+002 -0.717476558219114E+003
  0.226418293349865E-001  0.143387609408894E+004  0.829833821824356E+001  0.778855117683419E+002 -0.668840897883486E+000  0.304881244975991E+001  0.589673696261013E+001 -0.144425179360197E+002 -0.717476058182000E+003
  0.226418293349865E-001  0.143374446720045E+004  0.134827649123886E+002  0.697350947080757E+002 -0.541371382241450E+000  0.226689417575683E+001  0.619318828519403E+001 -0.144425179360197E+002 -0.717410244737754E+003
  0.226418293349865E-001  0.143372461879475E+004  0.809416877909182E+001  0.676735807100713E+002 -0.627298085316973E+000  0.306435534530028E+001  0.843939846405115E+001 -0.144425179360197E+002 -0.717400320534905E+003
  0.226418293349865E-001  0.143370851162222E+004 -0.129934591491838E+002  0.727967231556312E+002 -0.817960133204886E+000  0.437771183580555E+001  0.838502326053381E+001 -0.144425179360197E+002 -0.717392266948640E+003
  0.226418293349865E-001  0.143369965566737E+004 -0.834270337362865E+001  0.776622255064797E+002 -0.667660900633698E+000  0.294857066194470E+001  0.772911239062941E+001 -0.144425179360197E+002 -0.717387838971218E+003
  0.226418293349865E-001  0.143369079550234E+004 -0.189899336066819E+002  0.769213711401408E+002 -0.667438751480709E+000  0.328668989088911E+001  0.642348886452360E+001 -0.144425179360197E+002 -0.717383408888701E+003
  0.226418293349865E-001  0.143367941762364E+004  0.465925461694422E+001  0.707884318439252E+002 -0.576236931825262E+000  0.287802138936167E+001  0.988740906669336E+001 -0.144425179360197E+002 -0.717377719949353E+003
  0.226418293349865E-001  0.143366971189947E+004  0.173771385905046E+001  0.748791425940913E+002 -0.701402514843523E+000  0.396588027129095E+001  0.984269390766724E+001 -0.144425179360197E+002 -0.717372867087269E+003
  0.226418293349865E-001  0.143366406966831E+004  0.214257814597225E+000  0.760573698305086E+002 -0.748535578076976E+000  0.394589352813890E+001  0.766853300065446E+001 -0.144425179360197E+002 -0.717370045971689E+003
  0.226418293349865E-001  0.143363868322450E+004  0.651399223866102E+001  0.756859638154413E+002 -0.564675135105296E+000  0.220459508626159E+001  0.501829505679383E+001 -0.144425179360197E+002 -0.717357352749783E+003
  0.226418293349865E-001  0.143363034868335E+004 -0.360477995858094E+001  0.695521932631339E+002 -0.772065588276348E+000  0.405984714551653E+001  0.805621589291101E+001 -0.144425179360197E+002 -0.717353185479208E+003
  0.226418293349865E-001  0.143361480714930E+004  0.141007432905644E+002  0.727423545403949E+002 -0.642162806995838E+000  0.334868749332009E+001  0.700842635366016E+001 -0.144425179360197E+002 -0.717345414712180E+003
  0.226418293349865E-001  0.143361148122098E+004  0.624566703413222E+001  0.694301705171238E+002 -0.789818907824976E+000  0.431892460883877E+001  0.926809794884461E+001 -0.144425179360197E+002 -0.717343751748021E+003
  0.226418293349865E-001  0.143357848966225E+004  0.155937638181509E+002  0.746894196612003E+002 -0.549772717636511E+000  0.219000127767313E+001  0.657839172755113E+001 -0.144425179360197E+002 -0.717327255968655E+003
  0.226418293349865E-001  0.143355639484179E+004  0.171087688643366E+002  0.765793150717372E+002 -0.683953146429581E+000  0.318765055436191E+001  0.580041004375946E+001 -0.144425179360197E+002 -0.717316208558429E+003
  0.226418293349865E-001  0.143354354007336E+004 -0.180525299294480E+002  0.692502293748710E+002 -0.628382928882311E+000  0.277997662729300E+001  0.715559054027149E+001 -0.144425179360197E+002 -0.717309781174211E+003
  0.226418293349865E-001  0.143353143173265E+004  0.812591760538312E+001  0.771903297879458E+002 -0.673645133607491E+000  0.297047042181402E+001  0.758230200648318E+001 -0.144425179360197E+002 -0.717303727003856E+003
  0.226418293349865E-001  0.143351520114551E+004  0.578098870034854E+000  0.682890885834653E+002 -0.735144361342411E+000  0.370652781760897E+001  0.841749194724471E+001 -0.144425179360197E+002 -0.717295611710285E+003
  0.226418293349865E-001  0.143350910692727E+004 -0.100374476044459E+002  0.749027678059607E+002 -0.638691501613586E+000  0.335826659301327E+001  0.775072354634638E+001 -0.144425179360197E+002 -0.717292564601167E+003
  0.226418293349865E-001  0.143350398711022E+004  0.473444257156299E+000  0.738595565271755E+002 -0.806162283928493E+000  0.402170703597657E+001  0.819963819345472E+001 -0.144425179360197E+002 -0.717290004692642E+003
  0.226418293349865E-001  0.143349340337240E+004  0.988737193173637E+001  0.718177174482892E+002 -0.749033429650317E+000  0.356738151310473E+001  0.885681154633253E+001 -0.144425179360197E+002 -0.717284712823733E+003
  0.226418293349865E-001  0.143348525167263E+004 -0.391518411709929E+001  0.749919163588571E+002 -0.655830832295349E+000  0.339559701919372E+001  0.711298612579909E+001 -0.144425179360197E+002 -0.717280636973849E+003
  0.226418293349865E-001  0.143343228408816E+004 -0.129773075848624E+002  0.752747985236552E+002 -0.787420628985848E+000  0.432253039911988E+001  0.921688918072711E+001 -0.144425179360197E+002 -0.717254153181612E+003
  0.226418293349865E-001  0.143342060950844E+004 -0.984400394370220E+001  0.770273409829732E+002 -0.607697705029346E+000  0.252518699862146E+001  0.563447940822865E+001 -0.144425179360197E+002 -0.717248315891753E+003
  0.226418293349865E-001  0.143341857642086E+004  0.147549544797043E+001  0.738133290380195E+002 -0.616855986617898E+000  0.290380370584313E+001  0.987966587353696E+001 -0.144425179360197E+002 -0.717247299347963E+003
  0.226418293349865E-001  0.143341140183068E+004 -0.201952023479560E+000  0.737546186792598E+002 -0.608867997313561E+000  0.306711434446027E+001  0.676557175285578E+001 -0.144425179360197E+002 -0.717243712052872E+003
  0.226418293349865E-001  0.143336918315556E+004  0.276420666766315E+001  0.683837467683750E+002 -0.647405750146735E+000  0.327206764351041E+001  0.758810619585080E+001 -0.144425179360197E+002 -0.717222602715310E+003
  0.226418293349865E-001  0.143336603894024E+004  0.193443487774870E+002  0.682892786379545E+002 -0.637457138348972E+000  0.329147773240307E+001  0.840534841976166E+001 -0.144425179360197E+002 -0.717221030607651E+003
  0.226418293349865E-001  0.143327209079867E+004 -0.139784846789230E+002  0.735033347752475E+002 -0.697665683313242E+000  0.392884505996403E+001  0.961055351256248E+001 -0.144425179360197E+002 -0.717174056536867E+003
  0.226418293349865E-001  0.143325565054117E+004  0.134887792806649E+002  0.738511464940105E+002 -0.803520794637507E+000  0.401418513365300E+001  0.877712190771593E+001 -0.144425179360197E+002 -0.717165836408116E+003
  0.226418293349865E-001  0.143323208336645E+004  0.816127902588022E+001  0.776262330655116E+002 -0.663525355381917E+000  0.315813145449861E+001  0.660622458636661E+001 -0.144425179360197E+002 -0.717154052820754E+003
  0.226418293349865E-001  0.143318232331396E+004  0.189895178982450E+002  0.753021012614695E+002 -0.550993361904864E+000  0.217784559749939E+001  0.549329911101323E+001 -0.144425179360197E+002 -0.717129172794509E+003
  0.226418293349865E-001  0.143317344181024E+004  0.135020419519624E+002  0.713861620867558E+002 -0.699122944815285E+000  0.334616746301073E+001  0.968662718229459E+001 -0.144425179360197E+002 -0.717124732042652E+003
  0.226418293349865E-001  0.143316383302323E+004  0.141869298864250E+002  0.710487385770491E+002 -0.678388571894886E+000  0.327013108096785E+001  0.993821229627059E+001 -0.144425179360197E+002 -0.717119927649149E+003
  0.226418293349865E-001  0.143315710820968E+004 -0.126768791090405E+002  0.702414237510060E+002 -0.757247994640280E+000  0.422585764020912E+001  0.953032516943973E+001 -0.144425179360197E+002 -0.717116565242373E+003
  0.226418293349865E-001  0.143313709600686E+004  0.180128667203900E+002  0.755590885390358E+002 -0.535966916017781E+000  0.224845451113166E+001  0.616787535560828E+001 -0.144425179360197E+002 -0.717106559140964E+003
  0.226418293349865E-001  0.143311921770041E+004  0.238854318596562E+001  0.740084587332146E+002 -0.664589696075871E+000  0.314802204368832E+001  0.995997323306274E+001 -0.144425179360197E+002 -0.717097619987737E+003
  0.226418293349865E-001  0.143311832622109E+004  0.112459185423153E+002  0.735163138025074E+002 -0.808566202213891E+000  0.409940293038664E+001  0.958058345721333E+001 -0.144425179360197E+002 -0.717097174248076E+003
  0.226418293349865E-001  0.143311228743070E+004  0.144600685010321E+002  0.762072415364773E+002 -0.660983630862762E+000  0.314437830747610E+001  0.989396593563561E+001 -0.144425179360197E+002 -0.717094154852884E+003
  0.226418293349865E-001  0.143308719281311E+004 -0.672560716419931E+001  0.702655324033954E+002 -0.741007903377009E+000  0.386503440845135E+001  0.763534709963697E+001 -0.144425179360197E+002 -0.717081607544089E+003
  0.226418293349865E-001  0.143308055035223E+004  0.156964382131130E+002  0.743287522674183E+002 -0.595531873864590E+000  0.287532258587420E+001  0.987080309672635E+001 -0.144425179360197E+002 -0.717078286313645E+003
  0.226418293349865E-001  0.143307950811408E+004 -0.800017629312718E+001  0.710149416958806E+002 -0.626811908791468E+000  0.307017936644784E+001  0.630255226747938E+001 -0.144425179360197E+002 -0.717077765194574E+003
  0.226418293349865E-001  0.143298222837132E+004  0.740559714879609E+000  0.707035080298040E+002 -0.679234034136963E+000  0.326523531693478E+001  0.962111383559980E+001 -0.144425179360197E+002 -0.717029125323190E+003
  0.226418293349865E-001  0.143295880788749E+004 -0.144702742039678E+002  0.725594406132871E+002 -0.555373320062671E+000  0.260411745941222E+001  0.657779725230122E+001 -0.144425179360197E+002 -0.717017415081277E+003
  0.226418293349865E-001  0.143295619835176E+004  0.158611436874128E+002  0.686619172555435E+002 -0.732219731269773E+000  0.400986889203182E+001  0.999795543602901E+001 -0.144425179360197E+002 -0.717016110313413E+003
  0.226418293349865E-001  0.143294643856830E+004 -0.115420811066072E+002  0.687869738794010E+002 -0.638319176101352E+000  0.322097499192222E+001  0.786951498496390E+001 -0.144425179360197E+002 -0.717011230421682E+003
  0.226418293349865E-001  0.143293969376978E+004 -0.114979570904698E+002  0.738750284052773E+002 -0.691092733550305E+000  0.385902368834022E+001  0.967745631355577E+001 -0.144425179360197E+002 -0.717007858022424E+003
  0.226418293349865E-001  0.143289638803352E+004  0.477504795402946E+001  0.756325399582194E+002 -0.604218874590776E+000  0.311598025514716E+001  0.939240891670595E+001 -0.144425179360197E+002 -0.716986205154290E+003
  0.226418293349865E-001  0.143285159269924E+004  0.145858186619318E+000  0.697181427791890E+002 -0.693442745063985E+000  0.327170421208353E+001  0.755294570607674E+001 -0.144425179360197E+002 -0.716963807487153E+003
  0.226418293349865E-001  0.143283142095068E+004 -0.226874441527056E+001  0.716280175278675E+002 -0.594484415067804E+000  0.273632564549400E+001  0.581065524735797E+001 -0.144425179360197E+002 -0.716953721612873E+003
  0.226418293349865E-001  0.143279232549449E+004  0.173309393055718E+002  0.695591659146832E+002 -0.702462338164609E+000  0.350469110590594E+001  0.732266873523414E+001 -0.144425179360197E+002 -0.716934173884774E+003
  0.226418293349865E-001  0.143277630158026E+004  0.131346087768016E+002  0.713763500308262E+002 -0.755457034964356E+000  0.370085570470049E+001  0.773276293382682E+001 -0.144425179360197E+002 -0.716926161927663E+003
  0.226418293349865E-001  0.143276558876786E+004  0.156311876471089E+002  0.754928958210283E+002 -0.642378664839350E+000  0.274096846470373E+001  0.629176084572188E+001 -0.144425179360197E+002 -0.716920805521461E+003
  0.226418293349865E-001  0.143271082282954E+004  0.828569413186120E+000  0.730170973020739E+002 -0.603516739450890E+000  0.278162044808657E+001  0.892235539319609E+001 -0.144425179360197E+002 -0.716893422552300E+003
  0.226418293349865E-001  0.143269371805625E+004  0.145777142722969E+002  0.742241408912914E+002 -0.677998076461904E+000  0.351285870845613E+001  0.735828290125504E+001 -0.144425179360197E+002 -0.716884870165654E+003
  0.226418293349865E-001  0.143268114631690E+004 -0.149675952243378E+002  0.703557922580668E+002 -0.611010210637961E+000  0.304304456486014E+001  0.731508624909591E+001 -0.144425179360197E+002 -0.716878584295983E+003
  0.226418293349865E-001  0.143267836103559E+004  0.967943386975653E+001  0.730248633167113E+002 -0.715922541458346E+000  0.329524389553731E+001  0.726523388298642E+001 -0.144425179360197E+002 -0.716877191655325E+003
  0.226418293349865E-001  0.143267655808325E+004  0.147279961895847E+002  0.690269191113362E+002 -0.647005230971855E+000  0.307750771636234E+001  0.776031060577079E+001 -0.144425179360197E+002 -0.716876290179158E+003
  0.226418293349865E-001  0.143266621209473E+004  0.181548266237966E+002  0.753644921844389E+002 -0.606875532539446E+000  0.309604507009506E+001  0.863053998643132E+001 -0.144425179360197E+002 -0.716871117184897E+003
  0.226418293349865E-001  0.143266274281871E+004 -0.762185098001612E+001  0.744402999219156E+002 -0.586170252248133E+000  0.292489095796244E+001  0.939548126402727E+001 -0.144425179360197E+002 -0.716869382546885E+003
  0.226418293349865E-001  0.143264969717892E+004  0.220824913169514E+001  0.754401600040276E+002 -0.608047091509250E+000  0.301215853561715E+001  0.987457676471935E+001 -0.144425179360197E+002 -0.716862859726993E+003
  0.226418293349865E-001  0.143264572170944E+004  0.141093760414987E+002  0.697539776257666E+002 -0.727416163614138E+000  0.384080760664190E+001  0.840592528884386E+001 -0.144425179360197E+002 -0.716860871992253E+003
  0.226418293349865E-001  0.143260849339885E+004  0.101218406524759E+001  0.760298495653351E+002 -0.593178602846593E+000  0.285785046514535E+001  0.761773620090726E+001 -0.144425179360197E+002 -0.716842257836958E+003
  0.226418293349865E-001  0.143258393067145E+004  0.444026599202077E+001  0.694765820032431E+002 -0.753894938113921E+000  0.391646126248686E+001  0.984017545353639E+001 -0.144425179360197E+002 -0.716829976473257E+003
  0.226418293349865E-001  0.143256180173681E+004 -0.142008076547344E+002  0.777596530703743E+002 -0.684256263740879E+000  0.333457371705722E+001  0.907322085056432E+001 -0.144425179360197E+002 -0.716818912005938E+003
  0.226418293349865E-001  0.143255739951711E+004  0.970004683369948E+001  0.736773993258942E+002 -0.597647510003846E+000  0.248454316700446E+001  0.641173387290952E+001 -0.144425179360197E+002 -0.716816710896085E+003
  0.226418293349865E-001  0.143252513275439E+004  0.170271265832603E+002  0.751752543524662E+002 -0.746203628583497E+000  0.399866832010493E+001  0.879357437878188E+001 -0.144425179360197E+002 -0.716800577514727E+003
  0.226418293349865E-001  0.143249032327252E+004  0.207224446740907E+001  0.742878153572581E+002 -0.601054443532912E+000  0.301632892307900E+001  0.780399741619917E+001 -0.144425179360197E+002 -0.716783172773791E+003
  0.226418293349865E-001  0.143244680181062E+004  0.190890705495194E+002  0.775131863834693E+002 -0.656789530471291E+000  0.311519154843083E+001  0.759346509847592E+001 -0.144425179360197E+002 -0.716761412042841E+003
  0.226418293349865E-001  0.143243593750468E+004 -0.172555150726421E+001  0.754489057131673E+002 -0.590434630313651E+000  0.283862770165093E+001  0.748292559520432E+001 -0.144425179360197E+002 -0.716755979889872E+003
  0.226418293349865E-001  0.143242551675701E+004  0.104556313291885E+002  0.751054950892694E+002 -0.597609236784198E+000  0.284330950379752E+001  0.679206796796065E+001 -0.144425179360197E+002 -0.716750769516037E+003
  0.226418293349865E-001  0.143349397220521E+004 -0.139887980516814E+002  0.741444541025004E+002 -0.592892936579859E+000  0.258593921079260E+001  0.760007723025552E+001 -0.144425179360197E+002 -0.716746986102603E+003
  0.226418293349865E-001  0.143343513649451E+004 -0.441733844886543E+001  0.762366016962992E+002 -0.695311143136001E+000  0.321153707161742E+001  0.757123588913524E+001 -0.144425179360197E+002 -0.716717568247256E+003
  0.226418293349865E-001  0.143319848866856E+004 -0.171568288901806E+002  0.756795779088092E+002 -0.595478500576794E+000  0.264286233454605E+001  0.659119311906845E+001 -0.144425179360197E+002 -0.716599244334281E+003
  0.226418293349865E-001  0.143316405246250E+004 -0.435715635107261E+001  0.752477173448289E+002 -0.618555795814876E+000  0.296301259526277E+001  0.696453755009770E+001 -0.144425179360197E+002 -0.716582026231250E+003
  0.226418293349865E-001  0.143298218689006E+004 -0.334157318359429E+001  0.750117166290318E+002 -0.690405275846488E+000  0.343089044604674E+001  0.729603532800701E+001 -0.144425179360197E+002 -0.716491093445032E+003
  0.226418293349865E-001  0.143289422376680E+004 -0.123930868939982E+002  0.709471183264547E+002 -0.737746508216663E+000  0.391000394685922E+001  0.909682171734300E+001 -0.144425179360197E+002 -0.716447111883400E+003
  0.226418293349865E-001  0.143288405313143E+004 -0.155589971344064E+002  0.754751793619395E+002 -0.692958664570519E+000  0.350927423304567E+001  0.796486942619837E+001 -0.144425179360197E+002 -0.716442026565713E+003
  0.226418293349865E-001  0.143288234821272E+004 -0.149454245215765E+002  0.757869260281842E+002 -0.699964437249990E+000  0.333764246472792E+001  0.776252892681993E+001 -0.144425179360197E+002 -0.716441174106359E+003
  0.226418293349865E-001  0.143270490218392E+004 -0.134501253860739E+002  0.758250632674009E+002 -0.670749582569245E+000  0.339586375706054E+001  0.984524717039811E+001 -0.144425179360197E+002 -0.716352451091959E+003
  0.226418293349865E-001  0.143267189312475E+004 -0.178565538130738E+002  0.715025184936961E+002 -0.751460802513419E+000  0.390110744207556E+001  0.955261806635115E+001 -0.144425179360197E+002 -0.716335946562374E+003
  0.226418293349865E-001  0.143262673208370E+004 -0.142757952403881E+002  0.713468207258034E+002 -0.631810349123550E+000  0.304870865111625E+001  0.843637508549020E+001 -0.144425179360197E+002 -0.716313366041849E+003
  0.226418293349865E-001  0.143260914471075E+004 -0.850064398402745E+001  0.745857959627044E+002 -0.658959420324547E+000  0.341625297072153E+001  0.905008912707973E+001 -0.144425179360197E+002 -0.716304572355377E+003
  0.226418293349865E-001  0.143246958663702E+004 -0.155287761040744E+002  0.720478636023444E+002 -0.716372849083261E+000  0.381142912758390E+001  0.932173502813523E+001 -0.144425179360197E+002 -0.716234793318512E+003
  0.226418293349865E-001  0.143237942696332E+004 -0.167215411487018E+002  0.754761264905283E+002 -0.696122990019456E+000  0.350633601161382E+001  0.906132859774586E+001 -0.144425179360197E+002 -0.716189713481662E+003
  0.226418293349865E-001  0.143227954983606E+004 -0.175281418739553E+002  0.725546386144416E+002 -0.674253846750296E+000  0.324850064347089E+001  0.837372768765556E+001 -0.144425179360197E+002 -0.716139774918028E+003
