 -0.946361321674379E+001  0.637321391166068E+002 -0.276535155307479E+000  0.338626787800042E+000 -0.419311114456917E-001 -0.144425179360197E+002 -0.701662886551415E+003 -0.701662886551415E+003
 -0.943538206534010E+001  0.638226527968502E+002 -0.276387695653928E+000  0.338108508415309E+000 -0.411499751989179E-001 -0.144425179360197E+002 -0.701748269599840E+003 -0.701748269599840E+003
 -0.943017437995796E+001  0.638387197321209E+002 -0.276363040884756E+000  0.338060677916044E+000 -0.410883113822731E-001 -0.144425179360197E+002 -0.701602494289732E+003 -0.701602494289732E+003
 -0.947648894798700E+001  0.637263152784730E+002 -0.276545705136040E+000  0.338669706793942E+000 -0.419974228678193E-001 -0.144425179360197E+002 -0.701610433633468E+003 -0.701610433633468E+003
 -0.101808415389393E+002  0.636898991010562E+002 -0.290170393155861E+000  0.345509515746007E+000 -0.410264168190455E-001 -0.144425179360197E+002 -0.701413126784680E+003 -0.701413126784680E+003
 -0.945452916904442E+001  0.638064559563221E+002 -0.276437090616617E+000  0.338243557521613E+000 -0.413434660173788E-001 -0.144425179360197E+002 -0.701730560688678E+003 -0.701730560688678E+003
 -0.940886250914269E+001  0.638306682773056E+002 -0.276330287228839E+000  0.338026442479840E+000 -0.410580171739312E-001 -0.144425179360197E+002 -0.701308811408796E+003 -0.701308811408796E+003
 -0.954440138302840E+001  0.638228620787175E+002 -0.276365798748629E+000  0.338316713353509E+000 -0.415378780309759E-001 -0.144425179360197E+002 -0.701728008867296E+003 -0.701728008867296E+003
 -0.941106165120782E+001  0.638317107450198E+002 -0.276330147232804E+000  0.338026478257287E+000 -0.410582733188090E-001 -0.144425179360197E+002 -0.701110923923853E+003 -0.701110923923853E+003
 -0.986357703479038E+001  0.641551882674230E+002 -0.289584567659158E+000  0.344638438883065E+000 -0.400879278927508E-001 -0.144425179360197E+002 -0.701394801770508E+003 -0.701394801770508E+003
 -0.945140881180177E+001  0.637320359545353E+002 -0.276529099660854E+000  0.338618083207552E+000 -0.419215269410582E-001 -0.144425179360197E+002 -0.701523891612726E+003 -0.701523891612726E+003
