  0.695524738383872E+001  0.659639251415062E+002 -0.292104595550092E+000  0.348460068449921E+000 -0.442366031293187E-001 -0.144425179360197E+002 -0.701758479150055E+003 -0.701758479150055E+003
  0.695126488866288E+001  0.659689030517022E+002 -0.292091918214860E+000  0.348471895874825E+000 -0.442710605212362E-001 -0.144425179360197E+002 -0.701194923394297E+003 -0.701194923394297E+003
  0.731786165920084E+001  0.656636800238686E+002 -0.321626722060661E+000  0.347979502300815E+000 -0.123693375653477E-001 -0.144425179360197E+002 -0.701527685777556E+003 -0.701527685777556E+003
  0.695380967221927E+001  0.659680060288646E+002 -0.292096659239526E+000  0.348465488676495E+000 -0.442543547538605E-001 -0.144425179360197E+002 -0.701678018920224E+003 -0.701678018920224E+003
  0.698429905436398E+001  0.659567977383211E+002 -0.291866981356337E+000  0.348321790812662E+000 -0.442346356582615E-001 -0.144425179360197E+002 -0.701656249906810E+003 -0.701656249906810E+003
  0.699054251108680E+001  0.659521591355119E+002 -0.291848501217918E+000  0.348303981619800E+000 -0.442216617841744E-001 -0.144425179360197E+002 -0.701771844343618E+003 -0.701771844343618E+003
  0.696586152943252E+001  0.659591348518364E+002 -0.291990007585924E+000  0.348374524909145E+000 -0.442035757281154E-001 -0.144425179360197E+002 -0.701419808106869E+003 -0.701419808106869E+003
  0.731797756940761E+001  0.656633975273122E+002 -0.321630236797994E+000  0.347978630153126E+000 -0.123641144189008E-001 -0.144425179360197E+002 -0.701444277180057E+003 -0.701444277180057E+003
  0.699564877681250E+001  0.659486201149819E+002 -0.291822960112144E+000  0.348293257842633E+000 -0.442288376114597E-001 -0.144425179360197E+002 -0.701718108177727E+003 -0.701718108177727E+003
  0.695798735399950E+001  0.659658673044197E+002 -0.292054968631278E+000  0.348451855339745E+000 -0.442731153191076E-001 -0.144425179360197E+002 -0.701386678217807E+003 -0.701386678217807E+003
  0.695495039766797E+001  0.659685574910890E+002 -0.292082034247277E+000  0.348458294013792E+000 -0.442563204868520E-001 -0.144425179360197E+002 -0.701727282197807E+003 -0.701727282197807E+003
