  0.191362520187922E+002  0.691564189081327E+002 -0.589201608147937E+000  0.243763435450906E+001 -0.114467856624657E+002 -0.709244329996246E+003 -0.709244329996246E+003
  0.172566070808023E+002  0.693301142619493E+002 -0.588472059039228E+000  0.241003255214873E+001 -0.114467856624657E+002 -0.709238173317000E+003 -0.709238173317000E+003
  0.173933113227873E+002  0.687871165254667E+002 -0.592485451542032E+000  0.242394603621756E+001 -0.114467856624657E+002 -0.709240887047528E+003 -0.709240887047528E+003
  0.171216410583170E+002  0.687523808558151E+002 -0.602449855533081E+000  0.247778471765471E+001 -0.114467856624657E+002 -0.709245674768690E+003 -0.709245674768690E+003
  0.187152717386749E+002  0.694523307501641E+002 -0.602826398518268E+000  0.250909419902406E+001 -0.114467856624657E+002 -0.709248401581060E+003 -0.709248401581060E+003
  0.169460413142795E+002  0.688316122505574E+002 -0.600082560731029E+000  0.247642062600702E+001 -0.114467856624657E+002 -0.709236003221170E+003 -0.709236003221170E+003
  0.193066704312977E+002  0.691112770931870E+002 -0.585320988903619E+000  0.240494739864256E+001 -0.114467856624657E+002 -0.709245342671771E+003 -0.709245342671771E+003
  0.175216021684483E+002  0.697160322374879E+002 -0.594343519891481E+000  0.241744223756816E+001 -0.114467856624657E+002 -0.709247942811423E+003 -0.709247942811423E+003
  0.182044674566017E+002  0.687865271417959E+002 -0.597344763706294E+000  0.243989904871500E+001 -0.114467856624657E+002 -0.709246872250808E+003 -0.709246872250808E+003
  0.184232918385534E+002  0.691929006068408E+002 -0.594748857490877E+000  0.247118398092638E+001 -0.114467856624657E+002 -0.709241024567356E+003 -0.709241024567356E+003
  0.177396613349877E+002  0.691024794144911E+002 -0.606614579881134E+000  0.252132304483414E+001 -0.114467856624657E+002 -0.709241999950032E+003 -0.709241999950032E+003
  0.179072093869538E+002  0.695330139338518E+002 -0.588800179864563E+000  0.238043074580516E+001 -0.114467856624657E+002 -0.709247118061386E+003 -0.709247118061386E+003
  0.166574020383133E+002  0.690480742016467E+002 -0.604531286877992E+000  0.249397484093910E+001 -0.114467856624657E+002 -0.709240101663176E+003 -0.709240101663176E+003
