  0.599019509476789E+001  0.691673781162366E+002 -0.586529670178265E+000  0.238420893302097E+001 -0.114467856624657E+002 -0.709241417119316E+003 -0.709241417119316E+003
  0.913568557894584E+001  0.693532783349427E+002 -0.602444690217740E+000  0.249365226364671E+001 -0.114467856624657E+002 -0.709239281507102E+003 -0.709239281507102E+003
  0.797290949662647E+001  0.685381769792490E+002 -0.598495249085058E+000  0.248682192802645E+001 -0.114467856624657E+002 -0.709243950802833E+003 -0.709243950802833E+003
  0.903805073480026E+001  0.694752113935973E+002 -0.599964438395056E+000  0.248640378189489E+001 -0.114467856624657E+002 -0.709242949053399E+003 -0.709242949053399E+003
  0.121839164596585E+002  0.694090232787421E+002 -0.586315765774923E+000  0.238201591100047E+001 -0.114467856624657E+002 -0.709242560763715E+003 -0.709242560763715E+003
  0.122899236795466E+002  0.687526979399985E+002 -0.603462030637081E+000  0.251904294906732E+001 -0.114467856624657E+002 -0.709241427157634E+003 -0.709241427157634E+003
  0.937151782102284E+001  0.690204180224896E+002 -0.595932397992392E+000  0.242775456682455E+001 -0.114467856624657E+002 -0.709242053543441E+003 -0.709242053543441E+003
  0.887834561346978E+001  0.687202027149898E+002 -0.591328792608095E+000  0.241525326629261E+001 -0.114467856624657E+002 -0.709245651890480E+003 -0.709245651890480E+003
  0.107958502793427E+002  0.686154227274923E+002 -0.588985640289256E+000  0.241601848351926E+001 -0.114467856624657E+002 -0.709248699292363E+003 -0.709248699292363E+003
  0.113836898458351E+002  0.689292290026434E+002 -0.604092955709361E+000  0.248436141473750E+001 -0.114467856624657E+002 -0.709244410888157E+003 -0.709244410888157E+003
  0.751329171936815E+001  0.692816291023051E+002 -0.597347653104314E+000  0.244185188991797E+001 -0.114467856624657E+002 -0.709236541542591E+003 -0.709236541542591E+003
  0.111734406510270E+002  0.689761243349989E+002 -0.589117435499175E+000  0.244151166598400E+001 -0.114467856624657E+002 -0.709246072790031E+003 -0.709246072790031E+003
  0.800318057051884E+001  0.688365249201054E+002 -0.609049716148048E+000  0.253435940924764E+001 -0.114467856624657E+002 -0.709247925750523E+003 -0.709247925750523E+003
  0.880528269974853E+001  0.692216439500971E+002 -0.584754785823358E+000  0.238045158812051E+001 -0.114467856624657E+002 -0.709243191266705E+003 -0.709243191266705E+003
  0.962992421787411E+001  0.687574000488616E+002 -0.607359585107392E+000  0.254581743477866E+001 -0.114467856624657E+002 -0.709248547263403E+003 -0.709248547263403E+003
  0.117456412935409E+002  0.691686718964266E+002 -0.584481128124986E+000  0.238364370954240E+001 -0.114467856624657E+002 -0.709243678320383E+003 -0.709243678320383E+003
  0.620866996842152E+001  0.687149177315695E+002 -0.593745254249510E+000  0.242524895918826E+001 -0.114467856624657E+002 -0.709246276093211E+003 -0.709246276093211E+003
  0.123014855324446E+002  0.696309470111284E+002 -0.595193522911021E+000  0.243273359633186E+001 -0.114467856624657E+002 -0.709242368540885E+003 -0.709242368540885E+003
  0.602826428713756E+001  0.692120540417381E+002 -0.602189592553746E+000  0.248977071197776E+001 -0.114467856624657E+002 -0.709235803542616E+003 -0.709235803542616E+003
  0.875677939412805E+001  0.693134907723087E+002 -0.600099513113576E+000  0.246626158999981E+001 -0.114467856624657E+002 -0.709236040788202E+003 -0.709236040788202E+003
  0.821475898255714E+001  0.684783108586241E+002 -0.595742867915355E+000  0.246862467122032E+001 -0.114467856624657E+002 -0.709247139255905E+003 -0.709247139255905E+003
