 -0.189024311109370E+001  0.685846722358760E+002 -0.595839164511430E+000  0.244343874830196E+001 -0.114467856624657E+002 -0.709248323696377E+003 -0.709248323696377E+003
 -0.127537097745983E+002  0.693886568564100E+002 -0.592754202640193E+000  0.241141980488832E+001 -0.114467856624657E+002 -0.709238712254772E+003 -0.709238712254772E+003
 -0.823721737082721E+001  0.694557900997641E+002 -0.592727356100429E+000  0.245168247113169E+001 -0.114467856624657E+002 -0.709244836705755E+003 -0.709244836705755E+003
 -0.596262889623559E+001  0.692937274854963E+002 -0.601575864550841E+000  0.246570540851314E+001 -0.114467856624657E+002 -0.709240610287078E+003 -0.709240610287078E+003
  0.280215645650607E+001  0.688531411825880E+002 -0.587883996256151E+000  0.242446241338825E+001 -0.114467856624657E+002 -0.709244095833531E+003 -0.709244095833531E+003
 -0.179095248698101E+002  0.693370689400928E+002 -0.598272020930256E+000  0.244427466194396E+001 -0.114467856624657E+002 -0.709238828885173E+003 -0.709238828885173E+003
 -0.586991725736227E+001  0.691168539918542E+002 -0.591868449792117E+000  0.239693553512037E+001 -0.114467856624657E+002 -0.709246677440834E+003 -0.709246677440834E+003
 -0.121328084961624E+002  0.689603891795106E+002 -0.601581154931272E+000  0.248398900425702E+001 -0.114467856624657E+002 -0.709235127198344E+003 -0.709235127198344E+003
 -0.267236472467332E-001  0.692452199335835E+002 -0.600510571937005E+000  0.248809151320030E+001 -0.114467856624657E+002 -0.709235719085217E+003 -0.709235719085217E+003
 -0.923849303949553E+001  0.689698893704558E+002 -0.590610367121807E+000  0.240544056722087E+001 -0.114467856624657E+002 -0.709240365345109E+003 -0.709240365345109E+003
 -0.178717985633495E+002  0.690751349302787E+002 -0.592579754746898E+000  0.245760177724377E+001 -0.114467856624657E+002 -0.709239808218685E+003 -0.709239808218685E+003
 -0.192445498548615E+002  0.694825707971617E+002 -0.594246009948419E+000  0.243064208018821E+001 -0.114467856624657E+002 -0.709237115665100E+003 -0.709237115665100E+003
 -0.170528959481561E+002  0.691777348275647E+002 -0.604493668844259E+000  0.250011788374242E+001 -0.114467856624657E+002 -0.709238871821641E+003 -0.709238871821641E+003
 -0.166349815449485E+002  0.690329729152578E+002 -0.594159443692131E+000  0.247371459446908E+001 -0.114467856624657E+002 -0.709243070837751E+003 -0.709243070837751E+003
 -0.414931135660687E+001  0.691361662290958E+002 -0.592137157281237E+000  0.241803191093033E+001 -0.114467856624657E+002 -0.709234764919809E+003 -0.709234764919809E+003
 -0.669016070130587E+001  0.693193476402059E+002 -0.591864708355455E+000  0.244659354173439E+001 -0.114467856624657E+002 -0.709240720298202E+003 -0.709240720298202E+003
 -0.614359591826232E+001  0.685085590462118E+002 -0.602823212991559E+000  0.249808820578907E+001 -0.114467856624657E+002 -0.709248368444141E+003 -0.709248368444141E+003
 -0.119999178896818E+002  0.697282989090466E+002 -0.590639409768524E+000  0.241024270571102E+001 -0.114467856624657E+002 -0.709247243112972E+003 -0.709247243112972E+003
  0.396544145784784E+000  0.695722897824826E+002 -0.594132006131400E+000  0.241047877199906E+001 -0.114467856624657E+002 -0.709246157538577E+003 -0.709246157538577E+003
 -0.144660112150947E+002  0.694488268513142E+002 -0.585197591191064E+000  0.238901813309209E+001 -0.114467856624657E+002 -0.709245396597754E+003 -0.709245396597754E+003
 -0.465600361259422E+001  0.694288056831023E+002 -0.589203899905734E+000  0.240875488095472E+001 -0.114467856624657E+002 -0.709238537810302E+003 -0.709238537810302E+003
 -0.911666352423418E+001  0.688782765297639E+002 -0.586073459603938E+000  0.241175977912001E+001 -0.114467856624657E+002 -0.709246456022306E+003 -0.709246456022306E+003
 -0.176570013030957E+002  0.690122701170510E+002 -0.599221387347773E+000  0.248637543228010E+001 -0.114467856624657E+002 -0.709233899366698E+003 -0.709233899366698E+003
 -0.190258067693165E+002  0.692504983466702E+002 -0.588180916953752E+000  0.237546092650935E+001 -0.114467856624657E+002 -0.709247861078357E+003 -0.709247861078357E+003
 -0.159014493907338E+002  0.694646939029241E+002 -0.586881022152417E+000  0.237173849646705E+001 -0.114467856624657E+002 -0.709247083784054E+003 -0.709247083784054E+003
  0.125326927068454E+001  0.687970218430200E+002 -0.596283774238218E+000  0.247486945380166E+001 -0.114467856624657E+002 -0.709236951109998E+003 -0.709236951109998E+003
 -0.178024431437685E+002  0.688674544906214E+002 -0.605458877232862E+000  0.251670539149995E+001 -0.114467856624657E+002 -0.709240303128840E+003 -0.709240303128840E+003
 -0.882507203408204E+001  0.692709021524501E+002 -0.589890226744582E+000  0.240575568019608E+001 -0.114467856624657E+002 -0.709236181356895E+003 -0.709236181356895E+003
 -0.284945088721863E+001  0.688235750077960E+002 -0.593268127537903E+000  0.242971394143017E+001 -0.114467856624657E+002 -0.709238546623565E+003 -0.709238546623565E+003
 -0.634052614444299E+001  0.695271602299813E+002 -0.587950004273928E+000  0.238530472537415E+001 -0.114467856624657E+002 -0.709243804745931E+003 -0.709243804745931E+003
 -0.193426740047146E+002  0.693377899912366E+002 -0.602056451534639E+000  0.249046642334721E+001 -0.114467856624657E+002 -0.709238212335913E+003 -0.709238212335913E+003
 -0.440407183110090E+001  0.695549570646589E+002 -0.592816296543101E+000  0.242562482083521E+001 -0.114467856624657E+002 -0.709239371210952E+003 -0.709239371210952E+003
 -0.173173250997063E+002  0.688509685662715E+002 -0.594468723961454E+000  0.242781936183270E+001 -0.114467856624657E+002 -0.709241401480272E+003 -0.709241401480272E+003
 -0.830472159760044E+001  0.692405643453196E+002 -0.600482348424114E+000  0.248855468963116E+001 -0.114467856624657E+002 -0.709235769127023E+003 -0.709235769127023E+003
 -0.102784245885191E+002  0.687264662486215E+002 -0.599824230106587E+000  0.249810733789630E+001 -0.114467856624657E+002 -0.709239314065283E+003 -0.709239314065283E+003
 -0.431428038684377E+000  0.689273474293110E+002 -0.592404567527825E+000  0.246017510559384E+001 -0.114467856624657E+002 -0.709241699908202E+003 -0.709241699908202E+003
 -0.171407851169441E+002  0.691762073095201E+002 -0.586459512598550E+000  0.238087968048295E+001 -0.114467856624657E+002 -0.709242436461489E+003 -0.709242436461489E+003
  0.130377401111772E+001  0.694360877101784E+002 -0.599940784281112E+000  0.245756499273600E+001 -0.114467856624657E+002 -0.709240248660066E+003 -0.709240248660066E+003
 -0.141238777271942E+001  0.685594318423362E+002 -0.605122413267555E+000  0.251470975097106E+001 -0.114467856624657E+002 -0.709247930143408E+003 -0.709247930143408E+003
 -0.171506343915742E+002  0.693030744076773E+002 -0.594175297146506E+000  0.244969983385000E+001 -0.114467856624657E+002 -0.709234581631346E+003 -0.709234581631346E+003
 -0.577837962995156E+001  0.685688769807891E+002 -0.599870930083114E+000  0.247997882480905E+001 -0.114467856624657E+002 -0.709243875755490E+003 -0.709243875755490E+003
 -0.289630899759747E+001  0.695490081370280E+002 -0.586470439669159E+000  0.237553646367558E+001 -0.114467856624657E+002 -0.709246528192734E+003 -0.709246528192734E+003
 -0.323507519096738E+001  0.685221698541714E+002 -0.593363464275922E+000  0.245180755127594E+001 -0.114467856624657E+002 -0.709246663899165E+003 -0.709246663899165E+003
 -0.550335304129372E+001  0.694946144329532E+002 -0.597328780003034E+000  0.247927811375150E+001 -0.114467856624657E+002 -0.709246762316116E+003 -0.709246762316116E+003
  0.128682473770678E+001  0.692273973732487E+002 -0.589312950550934E+000  0.239722002040554E+001 -0.114467856624657E+002 -0.709238260447947E+003 -0.709238260447947E+003
 -0.131152323188036E+002  0.687290686081593E+002 -0.602114931403144E+000  0.250692458575201E+001 -0.114467856624657E+002 -0.709239466098994E+003 -0.709239466098994E+003
 -0.130715786444324E+002  0.690207760271739E+002 -0.594010969999943E+000  0.243698814316600E+001 -0.114467856624657E+002 -0.709232850683402E+003 -0.709232850683402E+003
 -0.116367060328812E+002  0.687576894041532E+002 -0.586783760288751E+000  0.241227216874368E+001 -0.114467856624657E+002 -0.709247028989122E+003 -0.709247028989122E+003
