 -0.185767790540954E+002  0.640771456117628E+002 -0.278734203044181E+000  0.343281912903178E+000 -0.481336241737989E-001 -0.144425179360197E+002 -0.701249487469584E+003 -0.701249487469584E+003
 -0.185969964535703E+002  0.641119392132187E+002 -0.279167126122332E+000  0.343610231394783E+000 -0.483077425140763E-001 -0.144425179360197E+002 -0.701566839956089E+003 -0.701566839956089E+003
 -0.187565876271327E+002  0.640468179015494E+002 -0.278216620995784E+000  0.343180311107276E+000 -0.484378027561139E-001 -0.144425179360197E+002 -0.701681545755689E+003 -0.701681545755689E+003
 -0.186301572921125E+002  0.640434360789559E+002 -0.279121510937663E+000  0.343610058745708E+000 -0.483511196209871E-001 -0.144425179360197E+002 -0.701264247437816E+003 -0.701264247437816E+003
 -0.187352943799233E+002  0.640614930540128E+002 -0.278933325555928E+000  0.342938837952012E+000 -0.473374168347647E-001 -0.144425179360197E+002 -0.701665124315008E+003 -0.701665124315008E+003
 -0.183452037916097E+002  0.641817174251727E+002 -0.278826876745094E+000  0.342961540956079E+000 -0.474786133706253E-001 -0.144425179360197E+002 -0.701316682099017E+003 -0.701316682099017E+003
 -0.182094259027152E+002  0.642424335412419E+002 -0.281211170921047E+000  0.343853825371721E+000 -0.468036382148522E-001 -0.144425179360197E+002 -0.701759283935496E+003 -0.701759283935496E+003
 -0.187858262586084E+002  0.640003295133714E+002 -0.278640804820242E+000  0.342365431368520E+000 -0.465971855711054E-001 -0.144425179360197E+002 -0.701071213399105E+003 -0.701071213399105E+003
 -0.187483179048171E+002  0.640053001884028E+002 -0.278400102126268E+000  0.342392130777443E+000 -0.468679540484533E-001 -0.144425179360197E+002 -0.701764389776087E+003 -0.701764389776087E+003
 -0.185496192618755E+002  0.641573267030955E+002 -0.280345417963915E+000  0.343122065478989E+000 -0.463323007953669E-001 -0.144425179360197E+002 -0.701517762091231E+003 -0.701517762091231E+003
