 -0.149712175340180E+002  0.634249501663616E+002 -0.297174515574042E+000  0.339887511422185E+000 -0.244277730971412E-001 -0.144425179360197E+002 -0.701507870288656E+003 -0.701507870288656E+003
 -0.144038240413073E+002  0.635221815066970E+002 -0.289932602529705E+000  0.348136694237495E+000 -0.458432546667851E-001 -0.144425179360197E+002 -0.701740617488996E+003 -0.701740617488996E+003
 -0.145434434739828E+002  0.638800409475592E+002 -0.300456223195983E+000  0.344220912961175E+000 -0.284954242185957E-001 -0.144425179360197E+002 -0.701587560671374E+003 -0.701587560671374E+003
 -0.158247305230243E+002  0.638584989934692E+002 -0.280253688968489E+000  0.348110614134892E+000 -0.552723449617183E-001 -0.144425179360197E+002 -0.701518326312393E+003 -0.701518326312393E+003
 -0.146446054428633E+002  0.637884728085243E+002 -0.298635358001739E+000  0.344259636860884E+000 -0.304088816472579E-001 -0.144425179360197E+002 -0.701588121841137E+003 -0.701588121841137E+003
 -0.145602861728219E+002  0.638499554090305E+002 -0.300439793174684E+000  0.343809261327428E+000 -0.278118715365050E-001 -0.144425179360197E+002 -0.701753013471889E+003 -0.701753013471889E+003
 -0.152098243751695E+002  0.634829375386505E+002 -0.277149314050946E+000  0.351512391168079E+000 -0.643538560473473E-001 -0.144425179360197E+002 -0.701450673455979E+003 -0.701450673455979E+003
 -0.145519353018446E+002  0.638840677830066E+002 -0.300319908726715E+000  0.344221978604001E+000 -0.286352617852188E-001 -0.144425179360197E+002 -0.701730835608820E+003 -0.701730835608820E+003
 -0.146547860582774E+002  0.637829354627871E+002 -0.298533946728122E+000  0.344272718602809E+000 -0.305336219750370E-001 -0.144425179360197E+002 -0.701629916583704E+003 -0.701629916583704E+003
 -0.143982085225524E+002  0.635258876169935E+002 -0.290035623298590E+000  0.348016427258585E+000 -0.455326739904631E-001 -0.144425179360197E+002 -0.701271428790847E+003 -0.701271428790847E+003
 -0.149715349766096E+002  0.634257319491094E+002 -0.297206044995860E+000  0.339889170732203E+000 -0.243989420288333E-001 -0.144425179360197E+002 -0.701703315133661E+003 -0.701703315133661E+003
