  0.100000000000000E+001  0.143293787188921E+004  0.779142472128422E+001  0.737171196317355E+002 -0.365026066576266E+000  0.100384770729468E+000 -0.114467856624657E+002 -0.716468935944607E+003
  0.100000000000000E+001  0.143572556783899E+004 -0.184344554487850E+002  0.831689444454682E+002 -0.457519359519213E+000  0.147321144689938E+001 -0.114467856624657E+002 -0.717862783919496E+003
  0.100000000000000E+001  0.142622363764797E+004  0.130051543958240E+002  0.647369240171333E+002 -0.617130502682559E+000  0.318105440407096E+001 -0.114467856624657E+002 -0.713111818823984E+003
  0.100000000000000E+001  0.143198456774737E+004  0.178032683807954E+002  0.677312002549666E+002 -0.296579322495626E+000  0.247241974372319E-001 -0.114467856624657E+002 -0.715992283873684E+003
  0.100000000000000E+001  0.143108992033442E+004  0.978170253138721E+001  0.732965406061875E+002 -0.796961708593009E+000  0.364684566200127E+001 -0.114467856624657E+002 -0.715544960167211E+003
  0.100000000000000E+001  0.142625120422055E+004  0.118608155645557E+002  0.715286390334792E+002 -0.757579358190704E+000  0.350808096144812E+001 -0.114467856624657E+002 -0.713125602110277E+003
  0.100000000000000E+001  0.142647951518986E+004 -0.152887528566472E+001  0.628474463376745E+002 -0.675312741061542E+000  0.347766983830904E+001 -0.114467856624657E+002 -0.713239757594929E+003
  0.100000000000000E+001  0.142660700288224E+004  0.145563386918249E+002  0.736160940467218E+002 -0.663346660313190E+000  0.233489477251185E+001 -0.114467856624657E+002 -0.713303501441122E+003
  0.100000000000000E+001  0.142691361922678E+004  0.463352664836886E+001  0.661070200977771E+002 -0.454500369560514E+000  0.204313737979735E+001 -0.114467856624657E+002 -0.713456809613389E+003
  0.100000000000000E+001  0.143021611634471E+004  0.463745004126155E+001  0.739397210610238E+002 -0.727391586286912E+000  0.350931543903045E+001 -0.114467856624657E+002 -0.715108058172356E+003
  0.100000000000000E+001  0.142694776813872E+004 -0.125690098990770E+002  0.792659385868972E+002 -0.497903703951852E+000  0.156240143501512E+001 -0.114467856624657E+002 -0.713473884069362E+003
  0.100000000000000E+001  0.142997305659133E+004 -0.130764922408154E+002  0.734993787881914E+002 -0.790731216528609E+000  0.351332244649096E+001 -0.114467856624657E+002 -0.714986528295665E+003
  0.100000000000000E+001  0.142726803989147E+004 -0.186753189059447E+002  0.669163550237905E+002 -0.707412098384942E+000  0.363209955537185E+001 -0.114467856624657E+002 -0.713634019945734E+003
  0.100000000000000E+001  0.142906471513929E+004  0.754518833736903E+000  0.716920426211904E+002 -0.421442721316218E+000  0.178146863721656E+001 -0.114467856624657E+002 -0.714532357569644E+003
  0.100000000000000E+001  0.142871491939887E+004 -0.132752320576648E+002  0.739873870196656E+002 -0.353380210381503E+000  0.548928400365343E+000 -0.114467856624657E+002 -0.714357459699435E+003
  0.100000000000000E+001  0.142783253552496E+004  0.126516466717718E+002  0.616195928436609E+002 -0.727910004564521E+000  0.372463168126102E+001 -0.114467856624657E+002 -0.713916267762479E+003
  0.100000000000000E+001  0.142791528126638E+004  0.211087525905555E+000  0.603606351347159E+002 -0.543414610257057E+000  0.201392927616964E+001 -0.114467856624657E+002 -0.713957640633190E+003
  0.100000000000000E+001  0.142796280500917E+004  0.170913346489844E+002  0.692085893394587E+002 -0.660875172632962E+000  0.229085094243048E+001 -0.114467856624657E+002 -0.713981402504586E+003
  0.100000000000000E+001  0.142616087406126E+004 -0.153470621950661E+002  0.707170713812956E+002 -0.504703507579220E+000  0.135746388224130E+001 -0.114467856624657E+002 -0.713080437030628E+003
  0.100000000000000E+001  0.142604102988929E+004  0.177285824324219E+002  0.777803391137560E+002 -0.650835834641986E+000  0.245081568116186E+001 -0.114467856624657E+002 -0.713020514944645E+003
  0.100000000000000E+001  0.142603191322906E+004  0.777782513004523E+001  0.607693906399728E+002 -0.728117462258144E+000  0.349298158319565E+001 -0.114467856624657E+002 -0.713015956614532E+003
  0.100000000000000E+001  0.142588195747934E+004 -0.114465697541997E+001  0.755370624127489E+002 -0.603697424798030E+000  0.197829980079766E+001 -0.114467856624657E+002 -0.712940978739668E+003
  0.100000000000000E+001  0.142584885167052E+004  0.190406010796806E+002  0.741251184612742E+002 -0.642630340889626E+000  0.222204372141262E+001 -0.114467856624657E+002 -0.712924425835260E+003
  0.100000000000000E+001  0.142570878616149E+004  0.161721353815394E+002  0.613588427012300E+002 -0.514608555505489E+000  0.224293177979542E+001 -0.114467856624657E+002 -0.712854393080743E+003
  0.100000000000000E+001  0.142556800802454E+004 -0.206336351546243E+001  0.678684831074744E+002 -0.452984090512330E+000  0.119599957176271E+001 -0.114467856624657E+002 -0.712784004012272E+003
  0.100000000000000E+001  0.142548528557941E+004 -0.328182952882791E+001  0.695855833846929E+002 -0.404342561736822E+000  0.143984734889451E+001 -0.114467856624657E+002 -0.712742642789704E+003
  0.100000000000000E+001  0.142539664843688E+004  0.887689927507390E+001  0.774670013419623E+002 -0.470566346069642E+000  0.152891922868086E+001 -0.114467856624657E+002 -0.712698324218440E+003
  0.100000000000000E+001  0.142537853441950E+004 -0.136304595659767E+002  0.642691321365131E+002 -0.617507294929526E+000  0.224945851644467E+001 -0.114467856624657E+002 -0.712689267209752E+003
  0.100000000000000E+001  0.142530715954578E+004  0.113597606185191E+001  0.633181218136301E+002 -0.619182153520737E+000  0.313660279599909E+001 -0.114467856624657E+002 -0.712653579772889E+003
  0.100000000000000E+001  0.142507879905876E+004  0.254528614437825E+001  0.687622569634701E+002 -0.511695258919126E+000  0.147840913969814E+001 -0.114467856624657E+002 -0.712539399529379E+003
  0.100000000000000E+001  0.142490384912671E+004  0.192768933015308E+002  0.601143912068191E+002 -0.614405682993424E+000  0.278079933197095E+001 -0.114467856624657E+002 -0.712451924563355E+003
  0.100000000000000E+001  0.142487037751579E+004  0.103157270152973E+002  0.703471660970266E+002 -0.691566705880518E+000  0.261011930844969E+001 -0.114467856624657E+002 -0.712435188757896E+003
  0.100000000000000E+001  0.142477910109233E+004  0.160009025165524E+002  0.606577124499421E+002 -0.685540766521923E+000  0.310940574940994E+001 -0.114467856624657E+002 -0.712389550546167E+003
  0.100000000000000E+001  0.142472730415815E+004  0.113954101032059E+002  0.730757681053501E+002 -0.504714626424611E+000  0.220068200500041E+001 -0.114467856624657E+002 -0.712363652079076E+003
  0.100000000000000E+001  0.142468998655096E+004  0.327330498658814E+000  0.655895212689394E+002 -0.720633299341502E+000  0.357736337314260E+001 -0.114467856624657E+002 -0.712344993275479E+003
  0.100000000000000E+001  0.142431288630907E+004  0.138774421995019E+002  0.755305362587532E+002 -0.577273595028938E+000  0.250764550163290E+001 -0.114467856624657E+002 -0.712156443154537E+003
  0.100000000000000E+001  0.142427523086706E+004 -0.410496522646438E+001  0.714206032002988E+002 -0.696975530569218E+000  0.268074397621974E+001 -0.114467856624657E+002 -0.712137615433531E+003
  0.100000000000000E+001  0.142412169116532E+004 -0.108487302770238E+001  0.702712769214121E+002 -0.752259696787868E+000  0.328906605334679E+001 -0.114467856624657E+002 -0.712060845582660E+003
  0.100000000000000E+001  0.142409803901471E+004  0.867933566651894E+001  0.722002734336367E+002 -0.733739336795964E+000  0.310238265497939E+001 -0.114467856624657E+002 -0.712049019507356E+003
  0.100000000000000E+001  0.142406159440394E+004 -0.820002415803345E+001  0.630631528969045E+002 -0.493514734554073E+000  0.198395089307825E+001 -0.114467856624657E+002 -0.712030797201968E+003
  0.100000000000000E+001  0.142403499977152E+004 -0.119896688755410E+002  0.673199014730610E+002 -0.425023599884770E+000  0.147971780261959E+001 -0.114467856624657E+002 -0.712017499885761E+003
  0.100000000000000E+001  0.142384578393915E+004  0.141021917969699E+001  0.744122513741852E+002 -0.558069567086687E+000  0.244733226762921E+001 -0.114467856624657E+002 -0.711922891969573E+003
  0.100000000000000E+001  0.142381080437980E+004 -0.344718966381574E+001  0.664413593504104E+002 -0.470441034273033E+000  0.199527381617061E+001 -0.114467856624657E+002 -0.711905402189902E+003
  0.100000000000000E+001  0.142379415419872E+004 -0.191204194814140E+002  0.627581547114932E+002 -0.655362488324375E+000  0.322713514790825E+001 -0.114467856624657E+002 -0.711897077099359E+003
  0.100000000000000E+001  0.142379003320538E+004 -0.795751810416992E+001  0.742278029883415E+002 -0.694932750156826E+000  0.278844459466112E+001 -0.114467856624657E+002 -0.711895016602688E+003
  0.100000000000000E+001  0.142368527855979E+004  0.666956857414858E+001  0.636997410394962E+002 -0.687451074735528E+000  0.284686371888261E+001 -0.114467856624657E+002 -0.711842639279896E+003
  0.100000000000000E+001  0.142367951706708E+004 -0.172230795490771E+002  0.709820694118860E+002 -0.431501336084038E+000  0.117931490336712E+001 -0.114467856624657E+002 -0.711839758533539E+003
  0.100000000000000E+001  0.142361026495969E+004 -0.115994624330993E+002  0.613522648313013E+002 -0.653391109614974E+000  0.307636473518336E+001 -0.114467856624657E+002 -0.711805132479843E+003
  0.100000000000000E+001  0.142360192976576E+004  0.129009354785663E+002  0.722628880410278E+002 -0.603636674740606E+000  0.203844595426940E+001 -0.114467856624657E+002 -0.711800964882881E+003
  0.100000000000000E+001  0.142359609091807E+004  0.139506075332714E+002  0.743584213157959E+002 -0.682715585652879E+000  0.299459204624963E+001 -0.114467856624657E+002 -0.711798045459035E+003
  0.100000000000000E+001  0.142350176753882E+004  0.488257942107071E+001  0.667682957847544E+002 -0.729281465118940E+000  0.306262597681679E+001 -0.114467856624657E+002 -0.711750883769412E+003
  0.100000000000000E+001  0.142237197223334E+004  0.975688270499565E+001  0.671381818485195E+002 -0.535919175919893E+000  0.179350643757567E+001 -0.114467856624657E+002 -0.711185986116672E+003
  0.100000000000000E+001  0.142346460349512E+004  0.123494946006623E+002  0.711762203471024E+002 -0.427825295009035E+000  0.120877763499384E+001 -0.114467856624657E+002 -0.711732301747562E+003
  0.100000000000000E+001  0.142346304285652E+004  0.145658299062301E+002  0.631833414748299E+002 -0.564337793148290E+000  0.212325970459994E+001 -0.114467856624657E+002 -0.711731521428260E+003
  0.100000000000000E+001  0.142345966788906E+004  0.125143092953306E+002  0.717474710916387E+002 -0.725661117839929E+000  0.325216051886967E+001 -0.114467856624657E+002 -0.711729833944532E+003
  0.100000000000000E+001  0.142345557881122E+004  0.111909370957852E+002  0.714359337708727E+002 -0.509382815277520E+000  0.224275279006280E+001 -0.114467856624657E+002 -0.711727789405611E+003
  0.100000000000000E+001  0.142343259579370E+004  0.166171833560721E+002  0.634161477999330E+002 -0.515669549872076E+000  0.224285837840830E+001 -0.114467856624657E+002 -0.711716297896851E+003
  0.100000000000000E+001  0.142340653936739E+004 -0.144951155584088E+002  0.736213784848888E+002 -0.469615812579063E+000  0.179083896515882E+001 -0.114467856624657E+002 -0.711703269683695E+003
  0.100000000000000E+001  0.142334159298734E+004 -0.110466579473412E+002  0.667801372864721E+002 -0.443376564302070E+000  0.160975449771910E+001 -0.114467856624657E+002 -0.711670796493672E+003
  0.100000000000000E+001  0.142333311994482E+004  0.651676333451690E+000  0.629242531514022E+002 -0.608489284755188E+000  0.239397871697283E+001 -0.114467856624657E+002 -0.711666559972409E+003
  0.100000000000000E+001  0.142332625168376E+004 -0.912059293709096E+001  0.617951481399918E+002 -0.638895772408780E+000  0.271373852737148E+001 -0.114467856624657E+002 -0.711663125841879E+003
  0.100000000000000E+001  0.142329199133321E+004  0.556689518263248E+001  0.707745432189562E+002 -0.663755705518166E+000  0.316840619905455E+001 -0.114467856624657E+002 -0.711645995666606E+003
  0.100000000000000E+001  0.142326810565126E+004 -0.748534718534304E+001  0.624362458577911E+002 -0.590901217445519E+000  0.235293092261064E+001 -0.114467856624657E+002 -0.711634052825628E+003
  0.100000000000000E+001  0.142326383772804E+004  0.451214796166091E+001  0.613324724530922E+002 -0.641405827040298E+000  0.292398318085079E+001 -0.114467856624657E+002 -0.711631918864019E+003
  0.100000000000000E+001  0.142321083209140E+004  0.375018300999272E+001  0.769510577901913E+002 -0.541264758882581E+000  0.194835139405709E+001 -0.114467856624657E+002 -0.711605416045702E+003
  0.100000000000000E+001  0.142317364374990E+004  0.621473010575810E+001  0.632980412859184E+002 -0.566923378851023E+000  0.266246397099181E+001 -0.114467856624657E+002 -0.711586821874949E+003
  0.100000000000000E+001  0.142315231597697E+004 -0.168168337474836E+001  0.618480846371870E+002 -0.640582887957674E+000  0.302483329541148E+001 -0.114467856624657E+002 -0.711576157988485E+003
  0.100000000000000E+001  0.142312723919976E+004  0.208556882327367E+001  0.670655764576031E+002 -0.492723581247044E+000  0.154997262326343E+001 -0.114467856624657E+002 -0.711563619599878E+003
  0.100000000000000E+001  0.142312453662521E+004 -0.751323696509083E+000  0.695981892980197E+002 -0.434428222705046E+000  0.128538773554587E+001 -0.114467856624657E+002 -0.711562268312604E+003
  0.100000000000000E+001  0.142305626614977E+004  0.150721010032807E+002  0.662637371469817E+002 -0.708462209022808E+000  0.292159299965100E+001 -0.114467856624657E+002 -0.711528133074884E+003
  0.100000000000000E+001  0.142303424895188E+004  0.161228794791178E+000  0.641489718115017E+002 -0.496341379713454E+000  0.183746824552829E+001 -0.114467856624657E+002 -0.711517124475942E+003
  0.100000000000000E+001  0.142297994479567E+004  0.111242426379685E+001  0.645989355871882E+002 -0.659446947602390E+000  0.262646160443352E+001 -0.114467856624657E+002 -0.711489972397835E+003
  0.100000000000000E+001  0.142296463522856E+004 -0.688282036872299E+001  0.691262872144697E+002 -0.432630018172852E+000  0.146619012577577E+001 -0.114467856624657E+002 -0.711482317614282E+003
  0.100000000000000E+001  0.142293479430196E+004 -0.600089043926486E+001  0.727888065733238E+002 -0.689609448190959E+000  0.310495375755017E+001 -0.114467856624657E+002 -0.711467397150981E+003
  0.100000000000000E+001  0.142291271997389E+004 -0.376697017390476E+001  0.730814524693499E+002 -0.477869250461796E+000  0.139355687859920E+001 -0.114467856624657E+002 -0.711456359986946E+003
  0.100000000000000E+001  0.142290903877184E+004  0.634843259621425E+001  0.748043002893758E+002 -0.474091038787162E+000  0.147954024215473E+001 -0.114467856624657E+002 -0.711454519385920E+003
  0.100000000000000E+001  0.142286081464526E+004  0.633768537312332E+001  0.616497863248586E+002 -0.634280673622083E+000  0.287897453815963E+001 -0.114467856624657E+002 -0.711430407322628E+003
  0.100000000000000E+001  0.142286061360043E+004 -0.181810733503541E+002  0.707057912450494E+002 -0.624418063467768E+000  0.221340014217414E+001 -0.114467856624657E+002 -0.711430306800217E+003
  0.100000000000000E+001  0.142285695064281E+004  0.916625311815782E+000  0.712347991321869E+002 -0.546999917042367E+000  0.173162559545454E+001 -0.114467856624657E+002 -0.711428475321407E+003
  0.100000000000000E+001  0.142281063162494E+004 -0.109051207094728E+002  0.663527210311051E+002 -0.597995308107319E+000  0.291411830216154E+001 -0.114467856624657E+002 -0.711405315812470E+003
  0.100000000000000E+001  0.142279381579544E+004  0.135610889214521E+002  0.685066018861604E+002 -0.712828282510430E+000  0.291689141551847E+001 -0.114467856624657E+002 -0.711396907897718E+003
  0.100000000000000E+001  0.142279304204576E+004 -0.105959863877685E+002  0.681548377715440E+002 -0.632430295189091E+000  0.308441343798554E+001 -0.114467856624657E+002 -0.711396521022882E+003
  0.100000000000000E+001  0.142278364227490E+004  0.117934784253357E+002  0.671007642250942E+002 -0.681118206309408E+000  0.268713160362976E+001 -0.114467856624657E+002 -0.711391821137452E+003
  0.100000000000000E+001  0.142277014091006E+004  0.849083257715154E+000  0.678362269914872E+002 -0.613676036508704E+000  0.219796844363620E+001 -0.114467856624657E+002 -0.711385070455031E+003
  0.100000000000000E+001  0.142274061557017E+004 -0.992487905764606E+001  0.674210414182604E+002 -0.734059511803760E+000  0.316925773816559E+001 -0.114467856624657E+002 -0.711370307785086E+003
  0.100000000000000E+001  0.142268877416004E+004 -0.560520504639681E+001  0.735620195417923E+002 -0.569167313837378E+000  0.187831694622517E+001 -0.114467856624657E+002 -0.711344387080021E+003
  0.100000000000000E+001  0.142262373157734E+004 -0.143351857461775E+002  0.713366048048823E+002 -0.699260515316169E+000  0.280530313264725E+001 -0.114467856624657E+002 -0.711311865788672E+003
  0.100000000000000E+001  0.142261300984500E+004 -0.938089058497178E+001  0.746933812402723E+002 -0.479408043141059E+000  0.152585659583999E+001 -0.114467856624657E+002 -0.711306504922500E+003
  0.100000000000000E+001  0.142256252009863E+004 -0.115894457707488E+002  0.704067625866891E+002 -0.615674958234790E+000  0.217181259265073E+001 -0.114467856624657E+002 -0.711281260049314E+003
  0.100000000000000E+001  0.142253402815475E+004 -0.748886299949866E+001  0.753246021941855E+002 -0.503531677885695E+000  0.184268503121878E+001 -0.114467856624657E+002 -0.711267014077374E+003
  0.100000000000000E+001  0.142243080513477E+004  0.909267939111755E+001  0.718714367127744E+002 -0.504757127969194E+000  0.153263461170503E+001 -0.114467856624657E+002 -0.711215402567383E+003
  0.100000000000000E+001  0.142242519924622E+004 -0.157895721316441E+002  0.707236995979270E+002 -0.709349698868778E+000  0.324146625716199E+001 -0.114467856624657E+002 -0.711212599623111E+003
  0.100000000000000E+001  0.142234022571409E+004  0.146113701870735E+002  0.695844366706085E+002 -0.502060252833902E+000  0.217417874778453E+001 -0.114467856624657E+002 -0.711170112857047E+003
  0.100000000000000E+001  0.142232719128185E+004  0.115735843724542E+002  0.641102561364426E+002 -0.698283173338784E+000  0.331386880982604E+001 -0.114467856624657E+002 -0.711163595640927E+003
  0.100000000000000E+001  0.142228319773950E+004 -0.893091046244791E+001  0.628401843550776E+002 -0.637290666992580E+000  0.300736872623787E+001 -0.114467856624657E+002 -0.711141598869748E+003
  0.100000000000000E+001  0.142221030448055E+004 -0.456080464461934E+001  0.637882187981814E+002 -0.702267837198145E+000  0.313926750673863E+001 -0.114467856624657E+002 -0.711105152240274E+003
  0.100000000000000E+001  0.142220266799681E+004 -0.156247261352258E+001  0.662737391208860E+002 -0.471825094574752E+000  0.176578421899786E+001 -0.114467856624657E+002 -0.711101333998403E+003
  0.100000000000000E+001  0.142220110914411E+004  0.953163018381197E+001  0.710699445974468E+002 -0.505778081399193E+000  0.215225302359278E+001 -0.114467856624657E+002 -0.711100554572056E+003
  0.100000000000000E+001  0.142218394129236E+004  0.172261555344793E+002  0.746288133005487E+002 -0.615941529151349E+000  0.225084995733160E+001 -0.114467856624657E+002 -0.711091970646180E+003
  0.100000000000000E+001  0.142216082071242E+004  0.192704403571312E+002  0.631914840313034E+002 -0.638325180237999E+000  0.302766178984091E+001 -0.114467856624657E+002 -0.711080410356208E+003
  0.100000000000000E+001  0.142210123150398E+004 -0.190205824624752E+001  0.716324409529348E+002 -0.512023898174844E+000  0.158893991014100E+001 -0.114467856624657E+002 -0.711050615751991E+003
  0.100000000000000E+001  0.142209973361734E+004 -0.158924629318532E+001  0.757049296233695E+002 -0.615487914395523E+000  0.241019003305988E+001 -0.114467856624657E+002 -0.711049866808670E+003
  0.100000000000000E+001  0.142209575677731E+004 -0.111670432754694E+002  0.700029812842112E+002 -0.550104450602609E+000  0.251214955757944E+001 -0.114467856624657E+002 -0.711047878388654E+003
  0.100000000000000E+001  0.142207536299337E+004 -0.141027411898778E+001  0.728366179866512E+002 -0.501564575055127E+000  0.202080561663577E+001 -0.114467856624657E+002 -0.711037681496684E+003
  0.100000000000000E+001  0.142206411153687E+004 -0.188834397070518E+001  0.735361737236157E+002 -0.676894270919412E+000  0.274673209132887E+001 -0.114467856624657E+002 -0.711032055768433E+003
  0.100000000000000E+001  0.142205907208081E+004 -0.347247079925349E+001  0.701849398975591E+002 -0.587123729183058E+000  0.274226314534142E+001 -0.114467856624657E+002 -0.711029536040404E+003
  0.100000000000000E+001  0.142204133576324E+004 -0.141743144138891E+001  0.681638552930443E+002 -0.455513001387070E+000  0.159540791005939E+001 -0.114467856624657E+002 -0.711020667881622E+003
  0.100000000000000E+001  0.142198980493645E+004  0.579758950308037E+001  0.717667148210798E+002 -0.536849246455531E+000  0.234757301801093E+001 -0.114467856624657E+002 -0.710994902468223E+003
  0.100000000000000E+001  0.142198584428625E+004  0.585292297901477E+001  0.704012384375187E+002 -0.473886281210659E+000  0.186734040091674E+001 -0.114467856624657E+002 -0.710992922143124E+003
  0.100000000000000E+001  0.142197929204653E+004  0.113478533312017E+001  0.731144031867241E+002 -0.683123572441671E+000  0.294614153777312E+001 -0.114467856624657E+002 -0.710989646023267E+003
  0.100000000000000E+001  0.142195640995390E+004  0.160767259160633E+002  0.652554063881339E+002 -0.515125078887421E+000  0.185973437823695E+001 -0.114467856624657E+002 -0.710978204976950E+003
  0.100000000000000E+001  0.142193082833411E+004  0.822350957697671E+001  0.653920420962978E+002 -0.713967625397327E+000  0.332052017061676E+001 -0.114467856624657E+002 -0.710965414167054E+003
  0.100000000000000E+001  0.142190339051645E+004  0.177025019005861E+002  0.734612764282921E+002 -0.539562871814284E+000  0.226507628990866E+001 -0.114467856624657E+002 -0.710951695258227E+003
  0.100000000000000E+001  0.142189694896365E+004  0.741368249978675E+001  0.687180448415957E+002 -0.548554683943234E+000  0.183196832843367E+001 -0.114467856624657E+002 -0.710948474481825E+003
  0.100000000000000E+001  0.142188713261140E+004 -0.174388824547109E+002  0.728495382716352E+002 -0.505524499592207E+000  0.158535192414347E+001 -0.114467856624657E+002 -0.710943566305702E+003
  0.100000000000000E+001  0.142188311190415E+004  0.115707769265529E+002  0.727326070453463E+002 -0.607107135833568E+000  0.215311434566336E+001 -0.114467856624657E+002 -0.710941555952077E+003
  0.100000000000000E+001  0.142182785020900E+004 -0.194609932258315E+002  0.747273739272340E+002 -0.527465471211331E+000  0.205057611732556E+001 -0.114467856624657E+002 -0.710913925104498E+003
  0.100000000000000E+001  0.142182227147295E+004 -0.879300012982717E+001  0.668327096645301E+002 -0.475627728896165E+000  0.167776751914437E+001 -0.114467856624657E+002 -0.710911135736473E+003
  0.100000000000000E+001  0.142180080583808E+004  0.767658635863381E+000  0.662791243364071E+002 -0.669654102612092E+000  0.268954091332316E+001 -0.114467856624657E+002 -0.710900402919041E+003
  0.100000000000000E+001  0.142179215836639E+004 -0.183206730783405E+002  0.657556033984426E+002 -0.549551743897984E+000  0.197151888674632E+001 -0.114467856624657E+002 -0.710896079183195E+003
  0.100000000000000E+001  0.142178864046941E+004  0.107168751805969E+002  0.680185520061320E+002 -0.599896299250221E+000  0.285672381939829E+001 -0.114467856624657E+002 -0.710894320234706E+003
  0.100000000000000E+001  0.142173620787196E+004  0.138102807482382E+002  0.688728686242326E+002 -0.591189475374027E+000  0.208197206449539E+001 -0.114467856624657E+002 -0.710868103935980E+003
  0.100000000000000E+001  0.142172120872455E+004 -0.147652166463039E+002  0.726520129950998E+002 -0.512591975579696E+000  0.162626253924110E+001 -0.114467856624657E+002 -0.710860604362275E+003
  0.100000000000000E+001  0.142171864315584E+004  0.330249731676087E+000  0.666338942913872E+002 -0.706913378746882E+000  0.300354707028257E+001 -0.114467856624657E+002 -0.710859321577918E+003
  0.100000000000000E+001  0.142171819263694E+004  0.115132132365785E+002  0.734318563015959E+002 -0.552465009275662E+000  0.184129046619160E+001 -0.114467856624657E+002 -0.710859096318469E+003
  0.100000000000000E+001  0.142171557035190E+004  0.100404566388992E+002  0.713537121936887E+002 -0.503322247476506E+000  0.157793437038130E+001 -0.114467856624657E+002 -0.710857785175950E+003
  0.100000000000000E+001  0.142165059590717E+004  0.129675665135267E+002  0.751837063750486E+002 -0.588823995607830E+000  0.238513360489408E+001 -0.114467856624657E+002 -0.710825297953585E+003
  0.100000000000000E+001  0.142161436024507E+004  0.170899416843750E+002  0.660116943686474E+002 -0.513621169157138E+000  0.220191001405630E+001 -0.114467856624657E+002 -0.710807180122537E+003
  0.100000000000000E+001  0.142161133905639E+004 -0.160809603007742E+002  0.755502511713971E+002 -0.570772535041170E+000  0.212309355862807E+001 -0.114467856624657E+002 -0.710805669528194E+003
  0.100000000000000E+001  0.142158996911070E+004  0.902959002375543E+001  0.672425874310319E+002 -0.673448138536740E+000  0.321624973339700E+001 -0.114467856624657E+002 -0.710794984555352E+003
  0.100000000000000E+001  0.142155421977360E+004 -0.179527818958908E+002  0.641872713391009E+002 -0.554124916258761E+000  0.245554687564471E+001 -0.114467856624657E+002 -0.710777109886799E+003
  0.100000000000000E+001  0.142151768244565E+004 -0.435198894252618E+000  0.742143412852199E+002 -0.503011738614863E+000  0.181958207919741E+001 -0.114467856624657E+002 -0.710758841222827E+003
  0.100000000000000E+001  0.142148841912999E+004  0.104406059159045E+002  0.745386017564857E+002 -0.525384836439024E+000  0.200746764738125E+001 -0.114467856624657E+002 -0.710744209564995E+003
  0.100000000000000E+001  0.142148690207467E+004  0.498499063262916E+001  0.663115457329042E+002 -0.715891172258353E+000  0.321660072125928E+001 -0.114467856624657E+002 -0.710743451037335E+003
  0.100000000000000E+001  0.142148241303551E+004 -0.255977029133264E+001  0.666109536759794E+002 -0.491382726678961E+000  0.174505602396564E+001 -0.114467856624657E+002 -0.710741206517754E+003
  0.100000000000000E+001  0.142148223738297E+004  0.700431775056737E+001  0.697543092527968E+002 -0.484634316486775E+000  0.194121820095718E+001 -0.114467856624657E+002 -0.710741118691486E+003
  0.100000000000000E+001  0.142143464797560E+004 -0.154240096905343E+002  0.735525281843131E+002 -0.602371502717659E+000  0.217062146591078E+001 -0.114467856624657E+002 -0.710717323987800E+003
  0.100000000000000E+001  0.142142340712932E+004  0.174123632371317E+002  0.638507467904428E+002 -0.639806140558003E+000  0.299988132482498E+001 -0.114467856624657E+002 -0.710711703564662E+003
  0.100000000000000E+001  0.142141228486435E+004 -0.129558154020671E+002  0.632627230936604E+002 -0.603845926287739E+000  0.253134882914873E+001 -0.114467856624657E+002 -0.710706142432177E+003
  0.100000000000000E+001  0.142140077460187E+004  0.794539351968588E+001  0.647744723203778E+002 -0.595809418407101E+000  0.278899476729941E+001 -0.114467856624657E+002 -0.710700387300936E+003
  0.100000000000000E+001  0.142138310762031E+004 -0.514275759764633E+001  0.634338940050596E+002 -0.590954435067278E+000  0.244259138142521E+001 -0.114467856624657E+002 -0.710691553810154E+003
  0.100000000000000E+001  0.142138230977589E+004  0.140426857560326E+002  0.741436165830466E+002 -0.539345586771771E+000  0.215908663555504E+001 -0.114467856624657E+002 -0.710691154887946E+003
  0.100000000000000E+001  0.142137981661272E+004  0.310721987769305E+001  0.706431529342991E+002 -0.635907533837888E+000  0.294684217509321E+001 -0.114467856624657E+002 -0.710689908306361E+003
  0.100000000000000E+001  0.142135474675580E+004 -0.135143515243560E+002  0.717004115561480E+002 -0.638853303135338E+000  0.290459261708568E+001 -0.114467856624657E+002 -0.710677373377899E+003
  0.100000000000000E+001  0.142135080611409E+004  0.131519857342911E+002  0.713933958424448E+002 -0.471742503343020E+000  0.154406357659471E+001 -0.114467856624657E+002 -0.710675403057044E+003
  0.100000000000000E+001  0.142133570555138E+004 -0.933608025603475E+001  0.646263361565544E+002 -0.546576350531814E+000  0.210233630612263E+001 -0.114467856624657E+002 -0.710667852775692E+003
  0.100000000000000E+001  0.142132789918317E+004  0.228076327344461E+001  0.632270647379648E+002 -0.625942390849897E+000  0.284400649704259E+001 -0.114467856624657E+002 -0.710663949591587E+003
  0.100000000000000E+001  0.142132746178169E+004  0.759828831147201E+001  0.696495937814760E+002 -0.510727083795327E+000  0.217181109696932E+001 -0.114467856624657E+002 -0.710663730890846E+003
  0.100000000000000E+001  0.142132463959238E+004  0.148562479193566E+002  0.701086809122154E+002 -0.465114660522178E+000  0.159426289093035E+001 -0.114467856624657E+002 -0.710662319796192E+003
  0.100000000000000E+001  0.142131500439804E+004 -0.114217231735198E+002  0.650013247486727E+002 -0.698666476425582E+000  0.319279146175287E+001 -0.114467856624657E+002 -0.710657502199018E+003
  0.100000000000000E+001  0.142129937670675E+004 -0.965908607871701E+001  0.739963228613665E+002 -0.514355795837922E+000  0.194527615950417E+001 -0.114467856624657E+002 -0.710649688353377E+003
  0.100000000000000E+001  0.142128063756858E+004  0.922182482299663E+001  0.703476383377557E+002 -0.505900385842565E+000  0.210797372669456E+001 -0.114467856624657E+002 -0.710640318784292E+003
  0.100000000000000E+001  0.142125439717271E+004 -0.829151132094712E+001  0.751634569869368E+002 -0.586971250717746E+000  0.225743646325607E+001 -0.114467856624657E+002 -0.710627198586353E+003
  0.100000000000000E+001  0.142119384048084E+004  0.169334238916937E+002  0.738762610041855E+002 -0.599239928267200E+000  0.254634651354344E+001 -0.114467856624657E+002 -0.710596920240418E+003
  0.100000000000000E+001  0.142117944873741E+004  0.126204752826404E+002  0.653616729877703E+002 -0.665297595200642E+000  0.314811163858645E+001 -0.114467856624657E+002 -0.710589724368705E+003
  0.100000000000000E+001  0.142115895517652E+004  0.713846830664085E+001  0.723983535388204E+002 -0.674527285995207E+000  0.292155556240341E+001 -0.114467856624657E+002 -0.710579477588262E+003
  0.100000000000000E+001  0.142115154406500E+004 -0.125705599202530E+002  0.681791514907117E+002 -0.479721555676118E+000  0.166745975311601E+001 -0.114467856624657E+002 -0.710575772032502E+003
  0.100000000000000E+001  0.142112883377323E+004 -0.738028455072514E+001  0.653433422642420E+002 -0.690061868425736E+000  0.298659534018868E+001 -0.114467856624657E+002 -0.710564416886613E+003
  0.100000000000000E+001  0.142112803695831E+004 -0.150775447285902E+002  0.652770516170793E+002 -0.524403280889124E+000  0.200048884746937E+001 -0.114467856624657E+002 -0.710564018479156E+003
  0.100000000000000E+001  0.142112538141808E+004  0.576508896129808E+001  0.727370730080134E+002 -0.531776033113188E+000  0.219266301892394E+001 -0.114467856624657E+002 -0.710562690709039E+003
  0.100000000000000E+001  0.142110382125817E+004 -0.264449936819216E+001  0.691673588636644E+002 -0.635966239125242E+000  0.298405092401180E+001 -0.114467856624657E+002 -0.710551910629085E+003
  0.100000000000000E+001  0.142108385571247E+004 -0.137985101170164E+002  0.684698777738305E+002 -0.704071468388342E+000  0.320487082818928E+001 -0.114467856624657E+002 -0.710541927856236E+003
  0.100000000000000E+001  0.142101292506313E+004  0.306086985641548E+001  0.676527829058150E+002 -0.627589564064622E+000  0.238825434680535E+001 -0.114467856624657E+002 -0.710506462531567E+003
  0.100000000000000E+001  0.142100168135928E+004 -0.343864108293670E+001  0.673727399107524E+002 -0.642863274283897E+000  0.250342409774734E+001 -0.114467856624657E+002 -0.710500840679640E+003
  0.100000000000000E+001  0.142099761223426E+004 -0.468878221932833E+001  0.658614420866569E+002 -0.542460581925451E+000  0.200087545581964E+001 -0.114467856624657E+002 -0.710498806117130E+003
  0.100000000000000E+001  0.142097946069854E+004  0.672921891603741E+001  0.691141476935324E+002 -0.536293245711727E+000  0.181630792862733E+001 -0.114467856624657E+002 -0.710489730349271E+003
  0.100000000000000E+001  0.142094000111180E+004 -0.193408672870934E+002  0.647316873578120E+002 -0.540339894022903E+000  0.216036444180393E+001 -0.114467856624657E+002 -0.710470000555899E+003
  0.100000000000000E+001  0.142092821584535E+004  0.437982581142002E+001  0.718942941006905E+002 -0.552258472684958E+000  0.187482013316983E+001 -0.114467856624657E+002 -0.710464107922677E+003
  0.100000000000000E+001  0.142083440725930E+004  0.239365239210322E+001  0.702900501133816E+002 -0.695635237200210E+000  0.296923219496992E+001 -0.114467856624657E+002 -0.710417203629650E+003
  0.100000000000000E+001  0.142081452101933E+004 -0.172113982991931E+001  0.734940807491466E+002 -0.549831523892310E+000  0.190955130403030E+001 -0.114467856624657E+002 -0.710407260509665E+003
  0.100000000000000E+001  0.142077916244317E+004 -0.121459734847410E+001  0.734303391608326E+002 -0.512486832746835E+000  0.179065613047513E+001 -0.114467856624657E+002 -0.710389581221585E+003
  0.100000000000000E+001  0.142076563370819E+004 -0.155614832007926E+001  0.702971700016128E+002 -0.512785281581616E+000  0.170554069312664E+001 -0.114467856624657E+002 -0.710382816854094E+003
  0.100000000000000E+001  0.142076509391490E+004 -0.136709291693560E+002  0.683061186274307E+002 -0.587540828999308E+000  0.271590145376137E+001 -0.114467856624657E+002 -0.710382546957450E+003
  0.100000000000000E+001  0.142075882961084E+004 -0.100036787631231E+002  0.661127842638202E+002 -0.697050683835049E+000  0.311877356187360E+001 -0.114467856624657E+002 -0.710379414805418E+003
  0.100000000000000E+001  0.142072948744472E+004 -0.167169279098340E+002  0.655370510259984E+002 -0.524854902229453E+000  0.207555614492951E+001 -0.114467856624657E+002 -0.710364743722360E+003
  0.100000000000000E+001  0.142072853284595E+004  0.128178685021463E+002  0.681081042132002E+002 -0.686816774867417E+000  0.316480667366598E+001 -0.114467856624657E+002 -0.710364266422975E+003
  0.100000000000000E+001  0.142072852247038E+004  0.113125279803693E+002  0.697295254705699E+002 -0.642303643279114E+000  0.296904520834140E+001 -0.114467856624657E+002 -0.710364261235188E+003
  0.100000000000000E+001  0.142071535730649E+004 -0.981765801137242E+001  0.669286485374748E+002 -0.699158007138510E+000  0.305713431508160E+001 -0.114467856624657E+002 -0.710357678653245E+003
  0.100000000000000E+001  0.142070190455430E+004 -0.319403091004201E+001  0.656873187377985E+002 -0.638164180095155E+000  0.299530967083188E+001 -0.114467856624657E+002 -0.710350952277148E+003
  0.100000000000000E+001  0.142069925684274E+004  0.188304743974902E+001  0.679470561771507E+002 -0.501707214007489E+000  0.202757700743393E+001 -0.114467856624657E+002 -0.710349628421372E+003
  0.100000000000000E+001  0.142066747539514E+004 -0.983730784723647E+000  0.659600190974238E+002 -0.692871588093249E+000  0.311321094649499E+001 -0.114467856624657E+002 -0.710333737697572E+003
  0.100000000000000E+001  0.142063825832942E+004  0.599592903903508E+001  0.647036606179236E+002 -0.566861854266819E+000  0.248073421993824E+001 -0.114467856624657E+002 -0.710319129164711E+003
  0.100000000000000E+001  0.142061127919984E+004  0.194968844241452E+002  0.685434377925033E+002 -0.487800031575420E+000  0.180837115671450E+001 -0.114467856624657E+002 -0.710305639599918E+003
  0.100000000000000E+001  0.142060660034091E+004 -0.182188150407234E+002  0.650524376389091E+002 -0.544130836281686E+000  0.217734169216591E+001 -0.114467856624657E+002 -0.710303300170455E+003
  0.100000000000000E+001  0.142060329897594E+004  0.139367084023280E+002  0.711185208653840E+002 -0.561157496917737E+000  0.245202149305393E+001 -0.114467856624657E+002 -0.710301649487971E+003
  0.100000000000000E+001  0.142058818844460E+004 -0.497366997282578E+001  0.681570045142740E+002 -0.491277316963937E+000  0.184572664923337E+001 -0.114467856624657E+002 -0.710294094222300E+003
  0.100000000000000E+001  0.142056520871849E+004 -0.630336541940011E+001  0.726645062388191E+002 -0.517048335317559E+000  0.177074559591254E+001 -0.114467856624657E+002 -0.710282604359247E+003
  0.100000000000000E+001  0.142056173718254E+004 -0.813822616467387E+001  0.669552872282376E+002 -0.504508073873488E+000  0.192246577525854E+001 -0.114467856624657E+002 -0.710280868591271E+003
  0.100000000000000E+001  0.142050467036389E+004  0.102673465089158E+002  0.671718908742765E+002 -0.593008231218743E+000  0.222225644116028E+001 -0.114467856624657E+002 -0.710252335181945E+003
  0.100000000000000E+001  0.142050063783067E+004 -0.275747996604572E+000  0.670618394172288E+002 -0.683313429053455E+000  0.314358271272704E+001 -0.114467856624657E+002 -0.710250318915335E+003
  0.100000000000000E+001  0.142049277773853E+004  0.184726473046418E+002  0.688676635060149E+002 -0.631074152329631E+000  0.241418177647778E+001 -0.114467856624657E+002 -0.710246388869263E+003
  0.100000000000000E+001  0.142049108800452E+004  0.214288247989280E+001  0.680817754888287E+002 -0.680951305939130E+000  0.312820636125196E+001 -0.114467856624657E+002 -0.710245544002261E+003
  0.100000000000000E+001  0.142046896898732E+004  0.187373579901372E+002  0.733819897753802E+002 -0.635591726658178E+000  0.261639335966024E+001 -0.114467856624657E+002 -0.710234484493660E+003
  0.100000000000000E+001  0.142045462358393E+004  0.188624080085540E+002  0.727189188987978E+002 -0.540587251419181E+000  0.187449629196342E+001 -0.114467856624657E+002 -0.710227311791966E+003
  0.100000000000000E+001  0.142045135219038E+004  0.180102134804051E+002  0.732027842206026E+002 -0.569667018114345E+000  0.236144084021581E+001 -0.114467856624657E+002 -0.710225676095189E+003
  0.100000000000000E+001  0.142044433048188E+004  0.156175046935726E+002  0.700237137973958E+002 -0.685297991875592E+000  0.288013144247057E+001 -0.114467856624657E+002 -0.710222165240942E+003
  0.100000000000000E+001  0.142040602115237E+004  0.655440760805908E+001  0.646680118137511E+002 -0.569760870057087E+000  0.233853548339025E+001 -0.114467856624657E+002 -0.710203010576186E+003
  0.100000000000000E+001  0.142039962695476E+004 -0.999369599245993E+001  0.699798582519113E+002 -0.518909200325065E+000  0.215009911125877E+001 -0.114467856624657E+002 -0.710199813477380E+003
  0.100000000000000E+001  0.142039359428092E+004  0.122431885235126E+002  0.652624294852196E+002 -0.548406044606864E+000  0.230579153499237E+001 -0.114467856624657E+002 -0.710196797140462E+003
  0.100000000000000E+001  0.142038550527596E+004  0.168350240715219E+002  0.672297815040611E+002 -0.580767740214150E+000  0.265241288859763E+001 -0.114467856624657E+002 -0.710192752637979E+003
  0.100000000000000E+001  0.142037251433384E+004 -0.150428450454324E+002  0.727267963152546E+002 -0.604175806492215E+000  0.224910630013083E+001 -0.114467856624657E+002 -0.710186257166922E+003
  0.100000000000000E+001  0.142036620676884E+004  0.922962461369347E+001  0.671480815676940E+002 -0.510440785582408E+000  0.190716621973865E+001 -0.114467856624657E+002 -0.710183103384419E+003
  0.100000000000000E+001  0.142035443981142E+004  0.104553654312940E+002  0.681474792527190E+002 -0.542481223143798E+000  0.237067804728375E+001 -0.114467856624657E+002 -0.710177219905710E+003
  0.100000000000000E+001  0.142034090911852E+004 -0.102232956049705E+002  0.645861613991338E+002 -0.583448942274768E+000  0.254850546956726E+001 -0.114467856624657E+002 -0.710170454559259E+003
  0.100000000000000E+001  0.142032328796925E+004 -0.988872234734764E+001  0.668466224473642E+002 -0.641102569811320E+000  0.298797340226916E+001 -0.114467856624657E+002 -0.710161643984625E+003
  0.100000000000000E+001  0.142030550951483E+004  0.225819516640916E+001  0.707359346183243E+002 -0.563758757003277E+000  0.198314493337604E+001 -0.114467856624657E+002 -0.710152754757415E+003
  0.100000000000000E+001  0.142029737694989E+004 -0.757576245871116E+001  0.713169940419381E+002 -0.672795170057737E+000  0.286319082964600E+001 -0.114467856624657E+002 -0.710148688474943E+003
  0.100000000000000E+001  0.142028839152552E+004  0.425749099596558E+001  0.665384033741522E+002 -0.603218807817254E+000  0.278227445135670E+001 -0.114467856624657E+002 -0.710144195762761E+003
  0.100000000000000E+001  0.142028682881198E+004  0.736351295518454E+001  0.734483848201703E+002 -0.539710715163932E+000  0.207067626510682E+001 -0.114467856624657E+002 -0.710143414405989E+003
  0.100000000000000E+001  0.142027526380231E+004  0.169367860534578E+002  0.727203893387416E+002 -0.646355714773248E+000  0.264545730929005E+001 -0.114467856624657E+002 -0.710137631901154E+003
  0.100000000000000E+001  0.142027259220413E+004  0.152027393898636E+002  0.724106193849901E+002 -0.652738194275005E+000  0.268008814061389E+001 -0.114467856624657E+002 -0.710136296102064E+003
  0.100000000000000E+001  0.142025001334798E+004  0.509046515699976E+001  0.703481883726603E+002 -0.671075433982642E+000  0.298480667243985E+001 -0.114467856624657E+002 -0.710125006673992E+003
  0.100000000000000E+001  0.142020774264129E+004  0.166670126519857E+002  0.735635329188753E+002 -0.613269383830676E+000  0.248407752898474E+001 -0.114467856624657E+002 -0.710103871320643E+003
  0.100000000000000E+001  0.142020092309878E+004 -0.665282484352642E+001  0.703431166468616E+002 -0.675926735316783E+000  0.281732099848369E+001 -0.114467856624657E+002 -0.710100461549390E+003
  0.100000000000000E+001  0.142020078260796E+004  0.146870473769570E+001  0.655974663395970E+002 -0.616420064340055E+000  0.282960744896715E+001 -0.114467856624657E+002 -0.710100391303980E+003
  0.100000000000000E+001  0.142016761219928E+004  0.195679499073474E+000  0.695275694969192E+002 -0.595587141253689E+000  0.269584449830656E+001 -0.114467856624657E+002 -0.710083806099640E+003
  0.100000000000000E+001  0.142016249936410E+004  0.105867590391602E+002  0.671117329379326E+002 -0.615277324387418E+000  0.284435360455001E+001 -0.114467856624657E+002 -0.710081249682050E+003
  0.100000000000000E+001  0.142015933795875E+004 -0.130401009706163E+002  0.665789205052341E+002 -0.586256255986178E+000  0.266371362629046E+001 -0.114467856624657E+002 -0.710079668979377E+003
  0.100000000000000E+001  0.142014113186219E+004 -0.612367869582915E+001  0.675308081958819E+002 -0.605043715174126E+000  0.278380198134773E+001 -0.114467856624657E+002 -0.710070565931095E+003
  0.100000000000000E+001  0.142011266558289E+004 -0.102477983234389E+002  0.654288056505472E+002 -0.665581398309146E+000  0.296630936590105E+001 -0.114467856624657E+002 -0.710056332791446E+003
  0.100000000000000E+001  0.142010506341629E+004  0.498381664038622E+001  0.688322031103854E+002 -0.666440056117572E+000  0.303263096270990E+001 -0.114467856624657E+002 -0.710052531708146E+003
  0.100000000000000E+001  0.142009562139226E+004 -0.798369014466382E+001  0.655273981160142E+002 -0.550695079969134E+000  0.227652601947154E+001 -0.114467856624657E+002 -0.710047810696131E+003
  0.100000000000000E+001  0.142006776126177E+004  0.190567515321103E+002  0.671835566240492E+002 -0.539052461114650E+000  0.199431975411484E+001 -0.114467856624657E+002 -0.710033880630884E+003
  0.100000000000000E+001  0.142005340003658E+004  0.598967925584914E+001  0.646993400414898E+002 -0.625671259395724E+000  0.277647562760441E+001 -0.114467856624657E+002 -0.710026700018290E+003
  0.100000000000000E+001  0.142003185218422E+004 -0.144345440728990E+002  0.681142329358938E+002 -0.560021823781161E+000  0.204035552947287E+001 -0.114467856624657E+002 -0.710015926092110E+003
  0.100000000000000E+001  0.142001930520372E+004 -0.163550050833379E+001  0.659077421821929E+002 -0.652374232633341E+000  0.298308593015333E+001 -0.114467856624657E+002 -0.710009652601862E+003
  0.100000000000000E+001  0.141999534678666E+004 -0.184940463985966E+001  0.682126408430968E+002 -0.680269297669550E+000  0.304697982191539E+001 -0.114467856624657E+002 -0.709997673393329E+003
  0.100000000000000E+001  0.141998347741571E+004 -0.185577228600701E+002  0.692349535003581E+002 -0.512631645378751E+000  0.204586435504537E+001 -0.114467856624657E+002 -0.709991738707853E+003
  0.100000000000000E+001  0.141997095473121E+004 -0.179541293373545E+002  0.708027042171412E+002 -0.652234157577433E+000  0.288254971206166E+001 -0.114467856624657E+002 -0.709985477365604E+003
  0.100000000000000E+001  0.141994626574003E+004 -0.133964932962132E+002  0.664480387812921E+002 -0.555688875384701E+000  0.240547243454603E+001 -0.114467856624657E+002 -0.709973132870014E+003
  0.100000000000000E+001  0.141993814014317E+004 -0.395842391951526E+001  0.675895246864584E+002 -0.522644577777983E+000  0.212195768076788E+001 -0.114467856624657E+002 -0.709969070071586E+003
  0.100000000000000E+001  0.141992777724525E+004 -0.112512124276361E+001  0.678439723570081E+002 -0.682223424256200E+000  0.296553955817425E+001 -0.114467856624657E+002 -0.709963888622625E+003
  0.100000000000000E+001  0.141991279230305E+004 -0.178471872104761E+001  0.726602917535881E+002 -0.632304638177143E+000  0.260914155485585E+001 -0.114467856624657E+002 -0.709956396151525E+003
  0.100000000000000E+001  0.141990701126462E+004 -0.408423222070670E+001  0.713716299205673E+002 -0.582209689950664E+000  0.251765967332285E+001 -0.114467856624657E+002 -0.709953505632311E+003
  0.100000000000000E+001  0.141990219043266E+004  0.751558493557136E+001  0.712580500427799E+002 -0.634171658335204E+000  0.247870612924129E+001 -0.114467856624657E+002 -0.709951095216329E+003
  0.100000000000000E+001  0.141990034353923E+004  0.127836802160593E+002  0.730537854789819E+002 -0.593189592188128E+000  0.243838937448670E+001 -0.114467856624657E+002 -0.709950171769617E+003
  0.100000000000000E+001  0.141989280004823E+004 -0.133758353268664E+002  0.684275896818010E+002 -0.631166596722814E+000  0.247152855890088E+001 -0.114467856624657E+002 -0.709946400024117E+003
  0.100000000000000E+001  0.141988237430814E+004  0.577461228263157E+000  0.729322893159240E+002 -0.541619809796381E+000  0.201922131542224E+001 -0.114467856624657E+002 -0.709941187154069E+003
  0.100000000000000E+001  0.141987748736847E+004  0.178758177500650E+002  0.729304236898582E+002 -0.576603143371953E+000  0.235486420421330E+001 -0.114467856624657E+002 -0.709938743684233E+003
  0.100000000000000E+001  0.141986075779175E+004 -0.211394025216014E+001  0.722238384117408E+002 -0.534164803991943E+000  0.209117368314641E+001 -0.114467856624657E+002 -0.709930378895877E+003
  0.100000000000000E+001  0.141985127283536E+004 -0.145682247523887E+002  0.674558771453448E+002 -0.653176459117164E+000  0.298898711418147E+001 -0.114467856624657E+002 -0.709925636417678E+003
  0.100000000000000E+001  0.141982411872029E+004  0.186725335934590E+001  0.660879512251097E+002 -0.664900029651715E+000  0.290538554994599E+001 -0.114467856624657E+002 -0.709912059360145E+003
  0.100000000000000E+001  0.141980306785159E+004 -0.831325110947046E+001  0.664176709873512E+002 -0.576295803106792E+000  0.223853896188389E+001 -0.114467856624657E+002 -0.709901533925794E+003
  0.100000000000000E+001  0.141976247295130E+004  0.542503440217355E+001  0.729865931547631E+002 -0.600943611015122E+000  0.245132444636647E+001 -0.114467856624657E+002 -0.709881236475650E+003
  0.100000000000000E+001  0.141972392944126E+004 -0.100709998030445E+002  0.730991913457173E+002 -0.567101152885599E+000  0.216520818539568E+001 -0.114467856624657E+002 -0.709861964720628E+003
  0.100000000000000E+001  0.141972113199126E+004  0.194600304255064E+002  0.728380227396858E+002 -0.550137286735236E+000  0.207244965562918E+001 -0.114467856624657E+002 -0.709860565995630E+003
  0.100000000000000E+001  0.141971082030684E+004  0.671031183659907E+001  0.676188463384529E+002 -0.577717069367960E+000  0.218282632780086E+001 -0.114467856624657E+002 -0.709855410153420E+003
  0.100000000000000E+001  0.141969969921051E+004 -0.102150308052370E+001  0.692764513530073E+002 -0.599640435338159E+000  0.268845631468989E+001 -0.114467856624657E+002 -0.709849849605255E+003
  0.100000000000000E+001  0.141969487638390E+004 -0.903428321294161E+001  0.721421595521926E+002 -0.614956645338496E+000  0.261092136757499E+001 -0.114467856624657E+002 -0.709847438191948E+003
  0.100000000000000E+001  0.141964523482297E+004  0.899464690539700E+001  0.725883806073772E+002 -0.618158984917238E+000  0.247655900967506E+001 -0.114467856624657E+002 -0.709822617411486E+003
  0.100000000000000E+001  0.141963245022065E+004  0.835018781697826E+001  0.711648420350890E+002 -0.606456300813474E+000  0.263963678089005E+001 -0.114467856624657E+002 -0.709816225110323E+003
  0.100000000000000E+001  0.141962190342566E+004  0.401964231904950E+001  0.698222198982101E+002 -0.591836012710622E+000  0.261896049471161E+001 -0.114467856624657E+002 -0.709810951712832E+003
  0.100000000000000E+001  0.141961001853852E+004  0.373616747562592E+001  0.690066097496033E+002 -0.622315320209506E+000  0.242138445537812E+001 -0.114467856624657E+002 -0.709805009269260E+003
  0.100000000000000E+001  0.141955477824701E+004 -0.191923960494552E+002  0.727494327122332E+002 -0.590514881616610E+000  0.228617900310873E+001 -0.114467856624657E+002 -0.709777389123505E+003
  0.100000000000000E+001  0.141955265106601E+004  0.145158662226447E+002  0.653914961007711E+002 -0.614255641538474E+000  0.261983863545943E+001 -0.114467856624657E+002 -0.709776325533006E+003
  0.100000000000000E+001  0.141954851269279E+004 -0.909121484394211E+001  0.715774150171679E+002 -0.632117012502049E+000  0.270067027657542E+001 -0.114467856624657E+002 -0.709774256346393E+003
  0.100000000000000E+001  0.141954638774945E+004  0.193821751543544E+002  0.699350123108354E+002 -0.519516527147080E+000  0.201445318350949E+001 -0.114467856624657E+002 -0.709773193874725E+003
  0.100000000000000E+001  0.141954623556729E+004  0.564403366345861E+000  0.684269116305173E+002 -0.593524788467352E+000  0.265510240261519E+001 -0.114467856624657E+002 -0.709773117783647E+003
  0.100000000000000E+001  0.141954243074151E+004  0.434014616647285E+001  0.655619730230612E+002 -0.625617501201332E+000  0.266307712799100E+001 -0.114467856624657E+002 -0.709771215370754E+003
  0.100000000000000E+001  0.141952201057923E+004  0.589000481584752E+001  0.679728034393399E+002 -0.548091348114422E+000  0.232286149206494E+001 -0.114467856624657E+002 -0.709761005289616E+003
  0.100000000000000E+001  0.141949662501314E+004 -0.631155531460591E+001  0.710372275755845E+002 -0.580483512415478E+000  0.215163703994024E+001 -0.114467856624657E+002 -0.709748312506571E+003
  0.100000000000000E+001  0.141946669403832E+004 -0.137007180528755E+002  0.700845103714150E+002 -0.590507871511289E+000  0.221338614411806E+001 -0.114467856624657E+002 -0.709733347019160E+003
  0.100000000000000E+001  0.141946470322644E+004  0.180211173714894E+002  0.671178337418032E+002 -0.663259159242078E+000  0.289904044196916E+001 -0.114467856624657E+002 -0.709732351613222E+003
  0.100000000000000E+001  0.141943069045580E+004  0.141337532799647E+002  0.681301230033548E+002 -0.657570424634572E+000  0.274906175038870E+001 -0.114467856624657E+002 -0.709715345227900E+003
  0.100000000000000E+001  0.141942947378842E+004 -0.163716387520175E+002  0.713654510889660E+002 -0.591689742042098E+000  0.252281048585505E+001 -0.114467856624657E+002 -0.709714736894212E+003
  0.100000000000000E+001  0.141941799771559E+004 -0.749378848405838E+001  0.712949889995267E+002 -0.636688054699620E+000  0.271168155288139E+001 -0.114467856624657E+002 -0.709708998857795E+003
  0.100000000000000E+001  0.141940357178009E+004 -0.876856097673204E+001  0.670670843498920E+002 -0.545246911276153E+000  0.218308146850986E+001 -0.114467856624657E+002 -0.709701785890043E+003
  0.100000000000000E+001  0.141938498521646E+004 -0.380056935997757E+000  0.658985210033595E+002 -0.606072663243504E+000  0.265664970480567E+001 -0.114467856624657E+002 -0.709692492608232E+003
  0.100000000000000E+001  0.141938268133083E+004  0.340264737063649E+001  0.700266060030401E+002 -0.556196244584660E+000  0.203792765957654E+001 -0.114467856624657E+002 -0.709691340665415E+003
  0.100000000000000E+001  0.141937543241288E+004 -0.982753802303097E+001  0.670291291983636E+002 -0.550983716159413E+000  0.217126809664215E+001 -0.114467856624657E+002 -0.709687716206441E+003
  0.100000000000000E+001  0.141936322764779E+004 -0.141375877998270E+002  0.719114927207745E+002 -0.567829532892036E+000  0.231493751324161E+001 -0.114467856624657E+002 -0.709681613823897E+003
  0.100000000000000E+001  0.141935249609730E+004 -0.543019027406255E+001  0.709697931046591E+002 -0.568554601192372E+000  0.238958866098799E+001 -0.114467856624657E+002 -0.709676248048648E+003
  0.100000000000000E+001  0.141934162493218E+004  0.384958107116691E+001  0.689812483681367E+002 -0.636167704217256E+000  0.255272157625746E+001 -0.114467856624657E+002 -0.709670812466089E+003
  0.100000000000000E+001  0.141933372159306E+004 -0.187317830918227E+002  0.706773643297840E+002 -0.529647149415835E+000  0.198577529956131E+001 -0.114467856624657E+002 -0.709666860796530E+003
  0.100000000000000E+001  0.141933111055035E+004  0.305561598484144E+001  0.712092485258738E+002 -0.581248282260058E+000  0.245720107337003E+001 -0.114467856624657E+002 -0.709665555275175E+003
  0.100000000000000E+001  0.141930333814806E+004 -0.392947238391060E+001  0.710215258342613E+002 -0.540558761609120E+000  0.200053889218454E+001 -0.114467856624657E+002 -0.709651669074029E+003
  0.100000000000000E+001  0.141930136196719E+004  0.189598948753164E+002  0.668526162804871E+002 -0.585748295435409E+000  0.256486675217157E+001 -0.114467856624657E+002 -0.709650680983595E+003
  0.100000000000000E+001  0.141929936207556E+004  0.192466139579978E+002  0.678166907934935E+002 -0.654462198157458E+000  0.275721068529689E+001 -0.114467856624657E+002 -0.709649681037778E+003
  0.100000000000000E+001  0.141929755049587E+004  0.144081355348764E+002  0.703173226221421E+002 -0.638271219216084E+000  0.278063660348421E+001 -0.114467856624657E+002 -0.709648775247935E+003
  0.100000000000000E+001  0.141929348742445E+004  0.863089161213604E+001  0.666420353637056E+002 -0.579140999109910E+000  0.250306112258917E+001 -0.114467856624657E+002 -0.709646743712223E+003
  0.100000000000000E+001  0.141928621873025E+004 -0.143840803838108E+002  0.663191526552068E+002 -0.638466447087526E+000  0.280502039479436E+001 -0.114467856624657E+002 -0.709643109365125E+003
  0.100000000000000E+001  0.141928120832062E+004 -0.318522774792483E+001  0.708068225599549E+002 -0.533187015646912E+000  0.200623043099113E+001 -0.114467856624657E+002 -0.709640604160311E+003
  0.100000000000000E+001  0.141927274477042E+004 -0.275596180647092E+001  0.705166984822999E+002 -0.541007183304933E+000  0.217526832380634E+001 -0.114467856624657E+002 -0.709636372385211E+003
  0.100000000000000E+001  0.141924716648058E+004  0.173419399227676E+002  0.670371463242029E+002 -0.563371328557249E+000  0.222326203093345E+001 -0.114467856624657E+002 -0.709623583240290E+003
  0.100000000000000E+001  0.141924165487387E+004  0.154935773183261E+001  0.706426584402054E+002 -0.540577556457382E+000  0.215571102733885E+001 -0.114467856624657E+002 -0.709620827436937E+003
  0.100000000000000E+001  0.141923288578424E+004 -0.365345854166548E+001  0.697885224606670E+002 -0.593326768725539E+000  0.225758651252553E+001 -0.114467856624657E+002 -0.709616442892121E+003
  0.100000000000000E+001  0.141921191711155E+004  0.485317204056582E+001  0.718284522707001E+002 -0.561149140686350E+000  0.212960465134473E+001 -0.114467856624657E+002 -0.709605958555777E+003
  0.100000000000000E+001  0.141920842037730E+004  0.154350092362001E+002  0.674253044912598E+002 -0.548906173603049E+000  0.218507296944965E+001 -0.114467856624657E+002 -0.709604210188650E+003
  0.100000000000000E+001  0.141920314916915E+004 -0.802125280707914E+001  0.708669889673767E+002 -0.549319978697045E+000  0.221876114850608E+001 -0.114467856624657E+002 -0.709601574584577E+003
  0.100000000000000E+001  0.141919917515202E+004 -0.176710207271524E+002  0.707714946076874E+002 -0.577850662365084E+000  0.217054749844729E+001 -0.114467856624657E+002 -0.709599587576012E+003
  0.100000000000000E+001  0.141919377380401E+004  0.213009620208215E+001  0.704466832528767E+002 -0.597498653820462E+000  0.258063725768060E+001 -0.114467856624657E+002 -0.709596886902006E+003
  0.100000000000000E+001  0.141917576377312E+004 -0.135638729758573E+002  0.686676338657813E+002 -0.657025437621559E+000  0.281294976237509E+001 -0.114467856624657E+002 -0.709587881886562E+003
  0.100000000000000E+001  0.141916697944392E+004 -0.110752704311071E+002  0.683909027208742E+002 -0.542442169407873E+000  0.208194599555828E+001 -0.114467856624657E+002 -0.709583489721961E+003
  0.100000000000000E+001  0.141914382425348E+004 -0.534480409943118E+001  0.704448582984409E+002 -0.625797417635800E+000  0.249615381617479E+001 -0.114467856624657E+002 -0.709571912126742E+003
  0.100000000000000E+001  0.141914150367346E+004  0.192321587202339E+002  0.699022664703118E+002 -0.604212770824895E+000  0.233627952955768E+001 -0.114467856624657E+002 -0.709570751836729E+003
  0.100000000000000E+001  0.141910824511383E+004 -0.188541791671894E+001  0.664227304568773E+002 -0.609810358206783E+000  0.265570394527030E+001 -0.114467856624657E+002 -0.709554122556916E+003
  0.100000000000000E+001  0.141910477412516E+004 -0.104542838957131E+002  0.717117418538073E+002 -0.561026222593094E+000  0.219552202074450E+001 -0.114467856624657E+002 -0.709552387062582E+003
  0.100000000000000E+001  0.141910155033006E+004 -0.171723750409893E+002  0.685225510294222E+002 -0.567198281855071E+000  0.242267940977366E+001 -0.114467856624657E+002 -0.709550775165031E+003
  0.100000000000000E+001  0.141909722662014E+004  0.298987438303016E+001  0.674816727796255E+002 -0.648019194500825E+000  0.277058229945073E+001 -0.114467856624657E+002 -0.709548613310068E+003
  0.100000000000000E+001  0.141907926151111E+004  0.173405261723496E+001  0.691521988403661E+002 -0.538069773583093E+000  0.207780991688988E+001 -0.114467856624657E+002 -0.709539630755553E+003
  0.100000000000000E+001  0.141905732685885E+004  0.777380709415711E+001  0.690832420412841E+002 -0.624054100720990E+000  0.249515109384530E+001 -0.114467856624657E+002 -0.709528663429426E+003
  0.100000000000000E+001  0.141905730846866E+004 -0.467025330989871E+001  0.685237336341576E+002 -0.651136241498940E+000  0.276773762629596E+001 -0.114467856624657E+002 -0.709528654234330E+003
  0.100000000000000E+001  0.141905128358473E+004  0.282612317765711E+001  0.695896244509697E+002 -0.627514919143724E+000  0.251789522547629E+001 -0.114467856624657E+002 -0.709525641792364E+003
  0.100000000000000E+001  0.141904582557310E+004 -0.103035888922530E+002  0.671515939075005E+002 -0.622502716917537E+000  0.256605674754611E+001 -0.114467856624657E+002 -0.709522912786549E+003
  0.100000000000000E+001  0.141904461324563E+004 -0.115361637602959E+002  0.700754956368443E+002 -0.556816070380448E+000  0.209078605418260E+001 -0.114467856624657E+002 -0.709522306622815E+003
  0.100000000000000E+001  0.141903177126770E+004 -0.450167830731631E+001  0.717841515057935E+002 -0.590684170258296E+000  0.238800192210467E+001 -0.114467856624657E+002 -0.709515885633849E+003
  0.100000000000000E+001  0.141902263688262E+004  0.181988443872368E+002  0.689512565574594E+002 -0.569106854072738E+000  0.242181456576640E+001 -0.114467856624657E+002 -0.709511318441312E+003
  0.100000000000000E+001  0.141901552546830E+004 -0.778569068360285E+001  0.689812429669636E+002 -0.623956521095286E+000  0.250231663627825E+001 -0.114467856624657E+002 -0.709507762734152E+003
  0.100000000000000E+001  0.141898042904867E+004 -0.128617999957989E+002  0.697571392074154E+002 -0.643296618868850E+000  0.272500799655994E+001 -0.114467856624657E+002 -0.709490214524333E+003
  0.100000000000000E+001  0.141893689089226E+004  0.592785914398362E+000  0.702060867252739E+002 -0.551745630618353E+000  0.221636620547427E+001 -0.114467856624657E+002 -0.709468445446132E+003
  0.100000000000000E+001  0.141893629788344E+004  0.381840739597906E+001  0.679110035314116E+002 -0.643860251431996E+000  0.276973417700294E+001 -0.114467856624657E+002 -0.709468148941721E+003
  0.100000000000000E+001  0.141893107687525E+004 -0.183987831002004E+002  0.711353221811699E+002 -0.603387710523122E+000  0.251639899828341E+001 -0.114467856624657E+002 -0.709465538437625E+003
  0.100000000000000E+001  0.141892824809607E+004  0.634160906669716E+001  0.671585129722139E+002 -0.596441938925932E+000  0.242105952247433E+001 -0.114467856624657E+002 -0.709464124048036E+003
  0.100000000000000E+001  0.141892341691742E+004 -0.151355398103662E+002  0.676127431451409E+002 -0.589888995174657E+000  0.255182335005527E+001 -0.114467856624657E+002 -0.709461708458710E+003
  0.100000000000000E+001  0.141888829878220E+004 -0.457953657563812E+001  0.709913244739847E+002 -0.600511726591504E+000  0.236966095614390E+001 -0.114467856624657E+002 -0.709444149391098E+003
  0.100000000000000E+001  0.141887957206731E+004 -0.104934056642266E+002  0.697273298495942E+002 -0.637862441383673E+000  0.270443000501548E+001 -0.114467856624657E+002 -0.709439786033657E+003
  0.100000000000000E+001  0.141885821652640E+004 -0.139346731432120E+002  0.681434266706266E+002 -0.596268574493971E+000  0.236698939842761E+001 -0.114467856624657E+002 -0.709429108263201E+003
  0.100000000000000E+001  0.141881973277208E+004 -0.508762330075140E+001  0.697731763847765E+002 -0.634097347161581E+000  0.265649441444036E+001 -0.114467856624657E+002 -0.709409866386042E+003
  0.100000000000000E+001  0.141881635795754E+004 -0.396078469307183E+001  0.702490676736636E+002 -0.560751725354408E+000  0.216048434031618E+001 -0.114467856624657E+002 -0.709408178978769E+003
  0.100000000000000E+001  0.141881615930593E+004  0.583794995216409E+001  0.703962711115564E+002 -0.569072050105196E+000  0.233316900648942E+001 -0.114467856624657E+002 -0.709408079652967E+003
  0.100000000000000E+001  0.141881322050624E+004 -0.191819453774115E+002  0.708349143192943E+002 -0.567607480667887E+000  0.220835199547147E+001 -0.114467856624657E+002 -0.709406610253119E+003
  0.100000000000000E+001  0.141879167737505E+004  0.155987969251555E+002  0.692375745733623E+002 -0.583416525483599E+000  0.248228526033456E+001 -0.114467856624657E+002 -0.709395838687524E+003
  0.100000000000000E+001  0.141876024385926E+004  0.150231959203918E+000  0.677631697929334E+002 -0.611145611574125E+000  0.250277641421667E+001 -0.114467856624657E+002 -0.709380121929629E+003
  0.100000000000000E+001  0.141875711130427E+004  0.104998871317850E+002  0.684583969909256E+002 -0.635247423135276E+000  0.269687091367092E+001 -0.114467856624657E+002 -0.709378555652133E+003
  0.100000000000000E+001  0.141875461020410E+004 -0.159199212600590E+002  0.689285999352145E+002 -0.615036240195128E+000  0.248111855410036E+001 -0.114467856624657E+002 -0.709377305102052E+003
  0.100000000000000E+001  0.141870778203793E+004  0.129330906660526E+002  0.682085468458423E+002 -0.610900512337993E+000  0.264143123111986E+001 -0.114467856624657E+002 -0.709353891018964E+003
  0.100000000000000E+001  0.141870499568429E+004 -0.113009968300900E+002  0.704460783638220E+002 -0.604579689633460E+000  0.242456739513580E+001 -0.114467856624657E+002 -0.709352497842145E+003
  0.100000000000000E+001  0.141870497413934E+004 -0.252753949484793E+001  0.673483636579573E+002 -0.598420738757730E+000  0.251490209447933E+001 -0.114467856624657E+002 -0.709352487069670E+003
  0.100000000000000E+001  0.141870199484458E+004 -0.179225542507275E+002  0.700955584619610E+002 -0.562688977201590E+000  0.222469908530396E+001 -0.114467856624657E+002 -0.709350997422289E+003
  0.100000000000000E+001  0.141868049398145E+004  0.417916920488332E+001  0.689241987140266E+002 -0.574570410161487E+000  0.239740257741734E+001 -0.114467856624657E+002 -0.709340246990725E+003
  0.100000000000000E+001  0.141866506968912E+004  0.482091276329171E+001  0.695466827411377E+002 -0.615534330875204E+000  0.250013285597337E+001 -0.114467856624657E+002 -0.709332534844560E+003
  0.100000000000000E+001  0.141866198758237E+004  0.932943648922765E+001  0.698069302454525E+002 -0.571839962731805E+000  0.223863372254163E+001 -0.114467856624657E+002 -0.709330993791186E+003
  0.100000000000000E+001  0.141865620776489E+004  0.111208031178080E+002  0.704907529008435E+002 -0.598936073454711E+000  0.247624051856719E+001 -0.114467856624657E+002 -0.709328103882443E+003
  0.100000000000000E+001  0.141862393638675E+004  0.638490671527335E+001  0.697492298301001E+002 -0.615859776339730E+000  0.252287757062143E+001 -0.114467856624657E+002 -0.709311968193373E+003
  0.100000000000000E+001  0.141861095266770E+004 -0.184319552155465E+002  0.696867640325595E+002 -0.571298481131151E+000  0.225912145485334E+001 -0.114467856624657E+002 -0.709305476333848E+003
  0.100000000000000E+001  0.141857123775243E+004  0.383871448112254E+001  0.684871769939848E+002 -0.615288002849656E+000  0.261451266895111E+001 -0.114467856624657E+002 -0.709285618876214E+003
  0.100000000000000E+001  0.141852021749105E+004  0.209868818086992E+000  0.693357280957753E+002 -0.611928771129721E+000  0.254384198412658E+001 -0.114467856624657E+002 -0.709260108745525E+003
