 -0.189024311109370E+001  0.685846722358760E+002 -0.595839164511430E+000  0.244343874830196E+001 -0.114467856624657E+002 -0.709248323696377E+003 -0.709248323696377E+003 -0.709263580472349E+003
 -0.127537097745983E+002  0.693886568564100E+002 -0.592754202640193E+000  0.241141980488832E+001 -0.114467856624657E+002 -0.709238712254772E+003 -0.709238712254772E+003 -0.709295683351859E+003
 -0.823721737082721E+001  0.694557900997641E+002 -0.592727356100429E+000  0.245168247113169E+001 -0.114467856624657E+002 -0.709244836705755E+003 -0.709244836705755E+003 -0.709258606751758E+003
 -0.596262889623559E+001  0.692937274854963E+002 -0.601575864550841E+000  0.246570540851314E+001 -0.114467856624657E+002 -0.709240610287078E+003 -0.709240610287078E+003 -0.709287126067700E+003
  0.280215645650607E+001  0.688531411825880E+002 -0.587883996256151E+000  0.242446241338825E+001 -0.114467856624657E+002 -0.709244095833531E+003 -0.709244095833531E+003 -0.709282735641928E+003
 -0.179095248698101E+002  0.693370689400928E+002 -0.598272020930256E+000  0.244427466194396E+001 -0.114467856624657E+002 -0.709238828885173E+003 -0.709238828885173E+003 -0.709281931983990E+003
 -0.586991725736227E+001  0.691168539918542E+002 -0.591868449792117E+000  0.239693553512037E+001 -0.114467856624657E+002 -0.709246677440834E+003 -0.709246677440834E+003 -0.709256110254990E+003
 -0.121328084961624E+002  0.689603891795106E+002 -0.601581154931272E+000  0.248398900425702E+001 -0.114467856624657E+002 -0.709235127198344E+003 -0.709235127198344E+003 -0.709265090069920E+003
 -0.267236472467332E-001  0.692452199335835E+002 -0.600510571937005E+000  0.248809151320030E+001 -0.114467856624657E+002 -0.709235719085217E+003 -0.709235719085217E+003 -0.709257136333413E+003
 -0.923849303949553E+001  0.689698893704558E+002 -0.590610367121807E+000  0.240544056722087E+001 -0.114467856624657E+002 -0.709240365345109E+003 -0.709240365345109E+003 -0.709274764278615E+003
 -0.178717985633495E+002  0.690751349302787E+002 -0.592579754746898E+000  0.245760177724377E+001 -0.114467856624657E+002 -0.709239808218685E+003 -0.709239808218685E+003 -0.709251911606334E+003
 -0.192445498548615E+002  0.694825707971617E+002 -0.594246009948419E+000  0.243064208018821E+001 -0.114467856624657E+002 -0.709237115665100E+003 -0.709237115665100E+003 -0.709251362875303E+003
 -0.170528959481561E+002  0.691777348275647E+002 -0.604493668844259E+000  0.250011788374242E+001 -0.114467856624657E+002 -0.709238871821641E+003 -0.709238871821641E+003 -0.709385465337660E+003
 -0.166349815449485E+002  0.690329729152578E+002 -0.594159443692131E+000  0.247371459446908E+001 -0.114467856624657E+002 -0.709243070837751E+003 -0.709243070837751E+003 -0.709257510538957E+003
 -0.414931135660687E+001  0.691361662290958E+002 -0.592137157281237E+000  0.241803191093033E+001 -0.114467856624657E+002 -0.709234764919809E+003 -0.709234764919809E+003 -0.709251471695797E+003
 -0.669016070130587E+001  0.693193476402059E+002 -0.591864708355455E+000  0.244659354173439E+001 -0.114467856624657E+002 -0.709240720298202E+003 -0.709240720298202E+003 -0.709292611149404E+003
 -0.614359591826232E+001  0.685085590462118E+002 -0.602823212991559E+000  0.249808820578907E+001 -0.114467856624657E+002 -0.709248368444141E+003 -0.709248368444141E+003 -0.709256291745878E+003
 -0.119999178896818E+002  0.697282989090466E+002 -0.590639409768524E+000  0.241024270571102E+001 -0.114467856624657E+002 -0.709247243112972E+003 -0.709247243112972E+003 -0.709253716721859E+003
  0.396544145784784E+000  0.695722897824826E+002 -0.594132006131400E+000  0.241047877199906E+001 -0.114467856624657E+002 -0.709246157538577E+003 -0.709246157538577E+003 -0.709258832637692E+003
 -0.144660112150947E+002  0.694488268513142E+002 -0.585197591191064E+000  0.238901813309209E+001 -0.114467856624657E+002 -0.709245396597754E+003 -0.709245396597754E+003 -0.709267345314947E+003
 -0.465600361259422E+001  0.694288056831023E+002 -0.589203899905734E+000  0.240875488095472E+001 -0.114467856624657E+002 -0.709238537810302E+003 -0.709238537810302E+003 -0.709249970023998E+003
 -0.911666352423418E+001  0.688782765297639E+002 -0.586073459603938E+000  0.241175977912001E+001 -0.114467856624657E+002 -0.709246456022306E+003 -0.709246456022306E+003 -0.709296132493717E+003
 -0.176570013030957E+002  0.690122701170510E+002 -0.599221387347773E+000  0.248637543228010E+001 -0.114467856624657E+002 -0.709233899366698E+003 -0.709233899366698E+003 -0.709250471650945E+003
 -0.190258067693165E+002  0.692504983466702E+002 -0.588180916953752E+000  0.237546092650935E+001 -0.114467856624657E+002 -0.709247861078357E+003 -0.709247861078357E+003 -0.709249870162824E+003
 -0.159014493907338E+002  0.694646939029241E+002 -0.586881022152417E+000  0.237173849646705E+001 -0.114467856624657E+002 -0.709247083784054E+003 -0.709247083784054E+003 -0.709255387374627E+003
  0.125326927068454E+001  0.687970218430200E+002 -0.596283774238218E+000  0.247486945380166E+001 -0.114467856624657E+002 -0.709236951109998E+003 -0.709236951109998E+003 -0.709263580472349E+003
 -0.178024431437685E+002  0.688674544906214E+002 -0.605458877232862E+000  0.251670539149995E+001 -0.114467856624657E+002 -0.709240303128840E+003 -0.709240303128840E+003 -0.709285180671813E+003
 -0.882507203408204E+001  0.692709021524501E+002 -0.589890226744582E+000  0.240575568019608E+001 -0.114467856624657E+002 -0.709236181356895E+003 -0.709236181356895E+003 -0.709255625348416E+003
 -0.284945088721863E+001  0.688235750077960E+002 -0.593268127537903E+000  0.242971394143017E+001 -0.114467856624657E+002 -0.709238546623565E+003 -0.709238546623565E+003 -0.709264855109841E+003
 -0.634052614444299E+001  0.695271602299813E+002 -0.587950004273928E+000  0.238530472537415E+001 -0.114467856624657E+002 -0.709243804745931E+003 -0.709243804745931E+003 -0.709257554819903E+003
 -0.193426740047146E+002  0.693377899912366E+002 -0.602056451534639E+000  0.249046642334721E+001 -0.114467856624657E+002 -0.709238212335913E+003 -0.709238212335913E+003 -0.709251852486052E+003
 -0.440407183110090E+001  0.695549570646589E+002 -0.592816296543101E+000  0.242562482083521E+001 -0.114467856624657E+002 -0.709239371210952E+003 -0.709239371210952E+003 -0.709259339037253E+003
 -0.173173250997063E+002  0.688509685662715E+002 -0.594468723961454E+000  0.242781936183270E+001 -0.114467856624657E+002 -0.709241401480272E+003 -0.709241401480272E+003 -0.709457142433048E+003
 -0.830472159760044E+001  0.692405643453196E+002 -0.600482348424114E+000  0.248855468963116E+001 -0.114467856624657E+002 -0.709235769127023E+003 -0.709235769127023E+003 -0.709257554819903E+003
 -0.102784245885191E+002  0.687264662486215E+002 -0.599824230106587E+000  0.249810733789630E+001 -0.114467856624657E+002 -0.709239314065283E+003 -0.709239314065283E+003 -0.709462045959047E+003
 -0.431428038684377E+000  0.689273474293110E+002 -0.592404567527825E+000  0.246017510559384E+001 -0.114467856624657E+002 -0.709241699908202E+003 -0.709241699908202E+003 -0.709272904043619E+003
 -0.171407851169441E+002  0.691762073095201E+002 -0.586459512598550E+000  0.238087968048295E+001 -0.114467856624657E+002 -0.709242436461489E+003 -0.709242436461489E+003 -0.709260919404915E+003
  0.130377401111772E+001  0.694360877101784E+002 -0.599940784281112E+000  0.245756499273600E+001 -0.114467856624657E+002 -0.709240248660066E+003 -0.709240248660066E+003 -0.709295944350717E+003
 -0.141238777271942E+001  0.685594318423362E+002 -0.605122413267555E+000  0.251470975097106E+001 -0.114467856624657E+002 -0.709247930143408E+003 -0.709247930143408E+003 -0.709294378601943E+003
 -0.171506343915742E+002  0.693030744076773E+002 -0.594175297146506E+000  0.244969983385000E+001 -0.114467856624657E+002 -0.709234581631346E+003 -0.709234581631346E+003 -0.709249835935408E+003
 -0.577837962995156E+001  0.685688769807891E+002 -0.599870930083114E+000  0.247997882480905E+001 -0.114467856624657E+002 -0.709243875755490E+003 -0.709243875755490E+003 -0.709250202443807E+003
 -0.289630899759747E+001  0.695490081370280E+002 -0.586470439669159E+000  0.237553646367558E+001 -0.114467856624657E+002 -0.709246528192734E+003 -0.709246528192734E+003 -0.709255490511985E+003
 -0.323507519096738E+001  0.685221698541714E+002 -0.593363464275922E+000  0.245180755127594E+001 -0.114467856624657E+002 -0.709246663899165E+003 -0.709246663899165E+003 -0.709772461835341E+003
 -0.550335304129372E+001  0.694946144329532E+002 -0.597328780003034E+000  0.247927811375150E+001 -0.114467856624657E+002 -0.709246762316116E+003 -0.709246762316116E+003 -0.709250870748232E+003
  0.128682473770678E+001  0.692273973732487E+002 -0.589312950550934E+000  0.239722002040554E+001 -0.114467856624657E+002 -0.709238260447947E+003 -0.709238260447947E+003 -0.709310257264919E+003
 -0.131152323188036E+002  0.687290686081593E+002 -0.602114931403144E+000  0.250692458575201E+001 -0.114467856624657E+002 -0.709239466098994E+003 -0.709239466098994E+003 -0.709251911606334E+003
 -0.130715786444324E+002  0.690207760271739E+002 -0.594010969999943E+000  0.243698814316600E+001 -0.114467856624657E+002 -0.709232850683402E+003 -0.709232850683402E+003 -0.709285038651548E+003
 -0.116367060328812E+002  0.687576894041532E+002 -0.586783760288751E+000  0.241227216874368E+001 -0.114467856624657E+002 -0.709247028989122E+003 -0.709247028989122E+003 -0.709248816081500E+003
  0.599019509476789E+001  0.691673781162366E+002 -0.586529670178265E+000  0.238420893302097E+001 -0.114467856624657E+002 -0.709241417119316E+003 -0.709241417119316E+003 -0.709256438660664E+003
  0.913568557894584E+001  0.693532783349427E+002 -0.602444690217740E+000  0.249365226364671E+001 -0.114467856624657E+002 -0.709239281507102E+003 -0.709239281507102E+003 -0.709280506555112E+003
  0.797290949662647E+001  0.685381769792490E+002 -0.598495249085058E+000  0.248682192802645E+001 -0.114467856624657E+002 -0.709243950802833E+003 -0.709243950802833E+003 -0.709256438660664E+003
  0.903805073480026E+001  0.694752113935973E+002 -0.599964438395056E+000  0.248640378189489E+001 -0.114467856624657E+002 -0.709242949053399E+003 -0.709242949053399E+003 -0.709311964703310E+003
  0.121839164596585E+002  0.694090232787421E+002 -0.586315765774923E+000  0.238201591100047E+001 -0.114467856624657E+002 -0.709242560763715E+003 -0.709242560763715E+003 -0.709280506555112E+003
  0.122899236795466E+002  0.687526979399985E+002 -0.603462030637081E+000  0.251904294906732E+001 -0.114467856624657E+002 -0.709241427157634E+003 -0.709241427157634E+003 -0.709377714575295E+003
  0.937151782102284E+001  0.690204180224896E+002 -0.595932397992392E+000  0.242775456682455E+001 -0.114467856624657E+002 -0.709242053543441E+003 -0.709242053543441E+003 -0.709260150944481E+003
  0.887834561346978E+001  0.687202027149898E+002 -0.591328792608095E+000  0.241525326629261E+001 -0.114467856624657E+002 -0.709245651890480E+003 -0.709245651890480E+003 -0.709288291789472E+003
  0.107958502793427E+002  0.686154227274923E+002 -0.588985640289256E+000  0.241601848351926E+001 -0.114467856624657E+002 -0.709248699292363E+003 -0.709248699292363E+003 -0.709462986843731E+003
  0.113836898458351E+002  0.689292290026434E+002 -0.604092955709361E+000  0.248436141473750E+001 -0.114467856624657E+002 -0.709244410888157E+003 -0.709244410888157E+003 -0.709267110068563E+003
  0.751329171936815E+001  0.692816291023051E+002 -0.597347653104314E+000  0.244185188991797E+001 -0.114467856624657E+002 -0.709236541542591E+003 -0.709236541542591E+003 -0.709280506555112E+003
  0.111734406510270E+002  0.689761243349989E+002 -0.589117435499175E+000  0.244151166598400E+001 -0.114467856624657E+002 -0.709246072790031E+003 -0.709246072790031E+003 -0.709248699292363E+003
  0.800318057051884E+001  0.688365249201054E+002 -0.609049716148048E+000  0.253435940924764E+001 -0.114467856624657E+002 -0.709247925750523E+003 -0.709247925750523E+003 -0.709248699292363E+003
  0.880528269974853E+001  0.692216439500971E+002 -0.584754785823358E+000  0.238045158812051E+001 -0.114467856624657E+002 -0.709243191266705E+003 -0.709243191266705E+003 -0.709248699292363E+003
  0.962992421787411E+001  0.687574000488616E+002 -0.607359585107392E+000  0.254581743477866E+001 -0.114467856624657E+002 -0.709248547263403E+003 -0.709248547263403E+003 -0.709248699292363E+003
  0.117456412935409E+002  0.691686718964266E+002 -0.584481128124986E+000  0.238364370954240E+001 -0.114467856624657E+002 -0.709243678320383E+003 -0.709243678320383E+003 -0.709248699292363E+003
  0.620866996842152E+001  0.687149177315695E+002 -0.593745254249510E+000  0.242524895918826E+001 -0.114467856624657E+002 -0.709246276093211E+003 -0.709246276093211E+003 -0.709248699292363E+003
  0.123014855324446E+002  0.696309470111284E+002 -0.595193522911021E+000  0.243273359633186E+001 -0.114467856624657E+002 -0.709242368540885E+003 -0.709242368540885E+003 -0.709248699292363E+003
  0.602826428713756E+001  0.692120540417381E+002 -0.602189592553746E+000  0.248977071197776E+001 -0.114467856624657E+002 -0.709235803542616E+003 -0.709235803542616E+003 -0.709248699292363E+003
  0.875677939412805E+001  0.693134907723087E+002 -0.600099513113576E+000  0.246626158999981E+001 -0.114467856624657E+002 -0.709236040788202E+003 -0.709236040788202E+003 -0.709248699292363E+003
  0.821475898255714E+001  0.684783108586241E+002 -0.595742867915355E+000  0.246862467122032E+001 -0.114467856624657E+002 -0.709247139255905E+003 -0.709247139255905E+003 -0.709248699292363E+003
  0.342236331317861E+001  0.694170525035091E+002 -0.598290439529599E+000  0.243444423252606E+001 -0.114467856624657E+002 -0.709245583777602E+003 -0.709245583777602E+003 -0.709263931394611E+003
  0.508498256397052E+001  0.693242647904560E+002 -0.600477066627720E+000  0.245267621845236E+001 -0.114467856624657E+002 -0.709243196985150E+003 -0.709243196985150E+003 -0.709254005018375E+003
  0.530644396868109E+001  0.692612980799859E+002 -0.594208736012117E+000  0.245282419962668E+001 -0.114467856624657E+002 -0.709234665906295E+003 -0.709234665906295E+003 -0.709249445097867E+003
  0.369137867929199E+001  0.694198710514128E+002 -0.590439084115654E+000  0.244133762111306E+001 -0.114467856624657E+002 -0.709247256907816E+003 -0.709247256907816E+003 -0.709269712955905E+003
  0.386750819187063E+001  0.691078210317856E+002 -0.602163867673628E+000  0.247429081752222E+001 -0.114467856624657E+002 -0.709238706128325E+003 -0.709238706128325E+003 -0.709269712955905E+003
  0.427973124046204E+001  0.690433200582835E+002 -0.591024694485820E+000  0.243528926777497E+001 -0.114467856624657E+002 -0.709235392364532E+003 -0.709235392364532E+003 -0.709254005018375E+003
  0.513214704825449E+001  0.692299646089528E+002 -0.600960121423800E+000  0.247396641718273E+001 -0.114467856624657E+002 -0.709235364476796E+003 -0.709235364476796E+003 -0.709254005018375E+003
  0.396430443558495E+001  0.686778241865822E+002 -0.592449982720862E+000  0.243835852328809E+001 -0.114467856624657E+002 -0.709241165909972E+003 -0.709241165909972E+003 -0.709254005018375E+003
  0.347722158129272E+001  0.694345744281873E+002 -0.603285263149219E+000  0.248075028317816E+001 -0.114467856624657E+002 -0.709243578786653E+003 -0.709243578786653E+003 -0.709249445097867E+003
  0.191362520187922E+002  0.691564189081327E+002 -0.589201608147937E+000  0.243763435450906E+001 -0.114467856624657E+002 -0.709244329996246E+003 -0.709244329996246E+003 -0.709319693069469E+003
  0.172566070808023E+002  0.693301142619493E+002 -0.588472059039228E+000  0.241003255214873E+001 -0.114467856624657E+002 -0.709238173317000E+003 -0.709238173317000E+003 -0.709270834435065E+003
  0.173933113227873E+002  0.687871165254667E+002 -0.592485451542032E+000  0.242394603621756E+001 -0.114467856624657E+002 -0.709240887047528E+003 -0.709240887047528E+003 -0.709298629577193E+003
  0.171216410583170E+002  0.687523808558151E+002 -0.602449855533081E+000  0.247778471765471E+001 -0.114467856624657E+002 -0.709245674768690E+003 -0.709245674768690E+003 -0.709259935797525E+003
  0.187152717386749E+002  0.694523307501641E+002 -0.602826398518268E+000  0.250909419902406E+001 -0.114467856624657E+002 -0.709248401581060E+003 -0.709248401581060E+003 -0.709282611182804E+003
  0.169460413142795E+002  0.688316122505574E+002 -0.600082560731029E+000  0.247642062600702E+001 -0.114467856624657E+002 -0.709236003221170E+003 -0.709236003221170E+003 -0.709255866439869E+003
  0.193066704312977E+002  0.691112770931870E+002 -0.585320988903619E+000  0.240494739864256E+001 -0.114467856624657E+002 -0.709245342671771E+003 -0.709245342671771E+003 -0.709248401581060E+003
  0.175216021684483E+002  0.697160322374879E+002 -0.594343519891481E+000  0.241744223756816E+001 -0.114467856624657E+002 -0.709247942811423E+003 -0.709247942811423E+003 -0.709248401581060E+003
  0.182044674566017E+002  0.687865271417959E+002 -0.597344763706294E+000  0.243989904871500E+001 -0.114467856624657E+002 -0.709246872250808E+003 -0.709246872250808E+003 -0.709248401581060E+003
  0.184232918385534E+002  0.691929006068408E+002 -0.594748857490877E+000  0.247118398092638E+001 -0.114467856624657E+002 -0.709241024567356E+003 -0.709241024567356E+003 -0.709248401581060E+003
  0.177396613349877E+002  0.691024794144911E+002 -0.606614579881134E+000  0.252132304483414E+001 -0.114467856624657E+002 -0.709241999950032E+003 -0.709241999950032E+003 -0.709248401581060E+003
  0.179072093869538E+002  0.695330139338518E+002 -0.588800179864563E+000  0.238043074580516E+001 -0.114467856624657E+002 -0.709247118061386E+003 -0.709247118061386E+003 -0.709248401581060E+003
  0.166574020383133E+002  0.690480742016467E+002 -0.604531286877992E+000  0.249397484093910E+001 -0.114467856624657E+002 -0.709240101663176E+003 -0.709240101663176E+003 -0.709248401581060E+003
  0.155115254312998E+002  0.691214166294793E+002 -0.587795632759373E+000  0.242368951645043E+001 -0.114467856624657E+002 -0.709242703449477E+003 -0.709242703449477E+003 -0.709277143875774E+003
  0.157310116254100E+002  0.689237060680534E+002 -0.587485913548922E+000  0.239520621160762E+001 -0.114467856624657E+002 -0.709242526288230E+003 -0.709242526288230E+003 -0.709311283485925E+003
  0.137060910215439E+002  0.690591763068085E+002 -0.590437387301570E+000  0.243924733550297E+001 -0.114467856624657E+002 -0.709238702336803E+003 -0.709238702336803E+003 -0.709260505395848E+003
  0.149831114855081E+002  0.694157044313400E+002 -0.584410266017033E+000  0.236942361399382E+001 -0.114467856624657E+002 -0.709246265248173E+003 -0.709246265248173E+003 -0.709258062804309E+003
  0.159465798495279E+002  0.688846230495885E+002 -0.585967785036959E+000  0.239599974674057E+001 -0.114467856624657E+002 -0.709244578324947E+003 -0.709244578324947E+003 -0.709260505395848E+003
  0.160676000037773E+002  0.692199243485343E+002 -0.600046218785523E+000  0.250642870854521E+001 -0.114467856624657E+002 -0.709245992151861E+003 -0.709245992151861E+003 -0.709260505395848E+003
  0.141802300174091E+002  0.695117684415614E+002 -0.592470259623710E+000  0.240814956737213E+001 -0.114467856624657E+002 -0.709241369827535E+003 -0.709241369827535E+003 -0.709260505395848E+003
  0.165138576331994E+002  0.687978881917551E+002 -0.594529914522427E+000  0.242510075548225E+001 -0.114467856624657E+002 -0.709245447342157E+003 -0.709245447342157E+003 -0.709290316820363E+003
  0.166612775293656E+002  0.684736997776206E+002 -0.600892183691606E+000  0.250854354926940E+001 -0.114467856624657E+002 -0.709248633156947E+003 -0.709248633156947E+003 -0.709277143875774E+003
