 -0.192452524049127E+002  0.735935693304187E+002 -0.583238325388959E+000  0.231477006476283E+001 -0.114467856624657E+002 -0.734825010602483E+003 -0.734825010602483E+003
 -0.192564636987082E+002  0.731846274542954E+002 -0.568480142560270E+000  0.221604327656634E+001 -0.114467856624657E+002 -0.734790964224997E+003 -0.734790964224997E+003
 -0.192533164156538E+002  0.732808819293290E+002 -0.573305140855905E+000  0.221466475915690E+001 -0.114467856624657E+002 -0.734814860520494E+003 -0.734814860520494E+003
 -0.192489974674712E+002  0.735214652249346E+002 -0.582058415175583E+000  0.224099536606167E+001 -0.114467856624657E+002 -0.734806001139479E+003 -0.734806001139479E+003
 -0.192497929534947E+002  0.733979138473267E+002 -0.575068282019835E+000  0.225448734305215E+001 -0.114467856624657E+002 -0.734804440480949E+003 -0.734804440480949E+003
 -0.192513221756093E+002  0.733763609579157E+002 -0.564023950537478E+000  0.216880982986262E+001 -0.114467856624657E+002 -0.734819806430797E+003 -0.734819806430797E+003
 -0.192502509934666E+002  0.734913518496772E+002 -0.592489589590549E+000  0.236211262054104E+001 -0.114467856624657E+002 -0.734809361306653E+003 -0.734809361306653E+003
 -0.192557221686801E+002  0.732405091721151E+002 -0.581846251294463E+000  0.231770810876686E+001 -0.114467856624657E+002 -0.734787087784945E+003 -0.734787087784945E+003
 -0.192539477801256E+002  0.732624167167286E+002 -0.560513825835124E+000  0.212985508394765E+001 -0.114467856624657E+002 -0.734812318563879E+003 -0.734812318563879E+003
 -0.192603161859530E+002  0.731335360817577E+002 -0.587702885476561E+000  0.232823524394492E+001 -0.114467856624657E+002 -0.734808425999583E+003 -0.734808425999583E+003
 -0.192549857479412E+002  0.733176060272747E+002 -0.585867340797180E+000  0.229094706614396E+001 -0.114467856624657E+002 -0.734779154601849E+003 -0.734779154601849E+003
 -0.192507946411315E+002  0.733524471920002E+002 -0.560350302770566E+000  0.215934390247328E+001 -0.114467856624657E+002 -0.734808292818807E+003 -0.734808292818807E+003
 -0.192492081437614E+002  0.735383796562861E+002 -0.588872905252929E+000  0.229161473324864E+001 -0.114467856624657E+002 -0.734810199192781E+003 -0.734810199192781E+003
 -0.192565039370418E+002  0.732890940119460E+002 -0.586712210214410E+000  0.229356134582205E+001 -0.114467856624657E+002 -0.734810624868539E+003 -0.734810624868539E+003
 -0.192528720428496E+002  0.733240293448583E+002 -0.572520805579225E+000  0.226632125568212E+001 -0.114467856624657E+002 -0.734814792295403E+003 -0.734814792295403E+003
 -0.192531152836675E+002  0.733235180479753E+002 -0.580964562703626E+000  0.230813629562850E+001 -0.114467856624657E+002 -0.734780918825833E+003 -0.734780918825833E+003
 -0.192593250839413E+002  0.731980205227081E+002 -0.594151035650769E+000  0.236574833491802E+001 -0.114467856624657E+002 -0.734823020747263E+003 -0.734823020747263E+003
 -0.192464132953954E+002  0.735773763196977E+002 -0.584543969637569E+000  0.228199300567035E+001 -0.114467856624657E+002 -0.734808098877354E+003 -0.734808098877354E+003
 -0.192526855214464E+002  0.733350018349936E+002 -0.576882167029641E+000  0.224405901143211E+001 -0.114467856624657E+002 -0.734772425783323E+003 -0.734772425783323E+003
 -0.192584280603180E+002  0.731907884650264E+002 -0.582827454985700E+000  0.227126654713854E+001 -0.114467856624657E+002 -0.734790935911494E+003 -0.734790935911494E+003
 -0.192503584933895E+002  0.734533981681550E+002 -0.574912225991924E+000  0.218080805387439E+001 -0.114467856624657E+002 -0.734819673235384E+003 -0.734819673235384E+003
 -0.192539464512147E+002  0.732931493705382E+002 -0.577747013240128E+000  0.230608665461778E+001 -0.114467856624657E+002 -0.734808833419636E+003 -0.734808833419636E+003
 -0.192588063670260E+002  0.731292267606031E+002 -0.572281594252284E+000  0.221977528669523E+001 -0.114467856624657E+002 -0.734794356182638E+003 -0.734794356182638E+003
 -0.192530647773375E+002  0.732808193685783E+002 -0.570780545538167E+000  0.227030323743902E+001 -0.114467856624657E+002 -0.734816662635860E+003 -0.734816662635860E+003
 -0.192487179607909E+002  0.735165582741974E+002 -0.582574014294899E+000  0.228655146058859E+001 -0.114467856624657E+002 -0.734794555903943E+003 -0.734794555903943E+003
 -0.192601476324617E+002  0.730372346208728E+002 -0.568871719158778E+000  0.222295636683362E+001 -0.114467856624657E+002 -0.734822036937188E+003 -0.734822036937188E+003
 -0.192602023029092E+002  0.731226383327923E+002 -0.580452836228543E+000  0.223917334281196E+001 -0.114467856624657E+002 -0.734813454585506E+003 -0.734813454585506E+003
 -0.192522119645847E+002  0.734308965392217E+002 -0.600489595572461E+000  0.241600730764181E+001 -0.114467856624657E+002 -0.734819983351501E+003 -0.734819983351501E+003
 -0.192550543716872E+002  0.733226026445851E+002 -0.598569686301240E+000  0.241075002547117E+001 -0.114467856624657E+002 -0.734813206160291E+003 -0.734813206160291E+003
 -0.192613769047568E+002  0.730750578369215E+002 -0.585371024485178E+000  0.228767506669431E+001 -0.114467856624657E+002 -0.734816184945725E+003 -0.734816184945725E+003
 -0.192556512645664E+002  0.732317629218526E+002 -0.572969936726656E+000  0.220907861203891E+001 -0.114467856624657E+002 -0.734782107920267E+003 -0.734782107920267E+003
 -0.192591887453725E+002  0.732093417155299E+002 -0.599318816585134E+000  0.239131439774469E+001 -0.114467856624657E+002 -0.734821993571756E+003 -0.734821993571756E+003
 -0.192513684560406E+002  0.733458433055658E+002 -0.569452996724370E+000  0.223568838027077E+001 -0.114467856624657E+002 -0.734790759375033E+003 -0.734790759375033E+003
 -0.192564327366235E+002  0.732130539856269E+002 -0.577166880146516E+000  0.223244483643438E+001 -0.114467856624657E+002 -0.734787483615679E+003 -0.734787483615679E+003
 -0.192593753714617E+002  0.732031255000818E+002 -0.595524915199728E+000  0.236842340030385E+001 -0.114467856624657E+002 -0.734824606239830E+003 -0.734824606239830E+003
 -0.192578045658869E+002  0.731578971305849E+002 -0.565045299483034E+000  0.214513906217146E+001 -0.114467856624657E+002 -0.734824871221589E+003 -0.734824871221589E+003
 -0.192503606141297E+002  0.733929243000271E+002 -0.576952950583283E+000  0.227966797179414E+001 -0.114467856624657E+002 -0.734789799140337E+003 -0.734789799140337E+003
 -0.192470751311014E+002  0.734784870427807E+002 -0.571520990790689E+000  0.226125258307188E+001 -0.114467856624657E+002 -0.734827559738571E+003 -0.734827559738571E+003
 -0.192530464744134E+002  0.733373879090423E+002 -0.585393662878949E+000  0.233022563090215E+001 -0.114467856624657E+002 -0.734782258564267E+003 -0.734782258564267E+003
 -0.192514300005498E+002  0.734546142549116E+002 -0.596716427500507E+000  0.237679598625599E+001 -0.114467856624657E+002 -0.734800508472979E+003 -0.734800508472979E+003
 -0.192514403295052E+002  0.733630064001972E+002 -0.563268753498574E+000  0.214374515753867E+001 -0.114467856624657E+002 -0.734806503781963E+003 -0.734806503781963E+003
 -0.192505157093595E+002  0.734002525764586E+002 -0.583427668081521E+000  0.229596637652633E+001 -0.114467856624657E+002 -0.734813995829542E+003 -0.734813995829542E+003
 -0.192555340869212E+002  0.733266188749207E+002 -0.598582420569553E+000  0.239361744527903E+001 -0.114467856624657E+002 -0.734807328014582E+003 -0.734807328014582E+003
 -0.192536372464826E+002  0.733066610100476E+002 -0.575674566835240E+000  0.226929310439974E+001 -0.114467856624657E+002 -0.734782777418028E+003 -0.734782777418028E+003
 -0.192554662388596E+002  0.731703292438038E+002 -0.566141307228226E+000  0.223336721074458E+001 -0.114467856624657E+002 -0.734825039230402E+003 -0.734825039230402E+003
 -0.192573913249684E+002  0.731792270797732E+002 -0.589587413415530E+000  0.236853221387388E+001 -0.114467856624657E+002 -0.734827325751470E+003 -0.734827325751470E+003
 -0.192537368793281E+002  0.733273775977786E+002 -0.592260543492073E+000  0.236339993267225E+001 -0.114467856624657E+002 -0.734803583582755E+003 -0.734803583582755E+003
 -0.192551599343620E+002  0.732708958556788E+002 -0.584123046662563E+000  0.228464662739125E+001 -0.114467856624657E+002 -0.734783032216205E+003 -0.734783032216205E+003
 -0.192610453025167E+002  0.730462316842306E+002 -0.581753673923294E+000  0.231651879122555E+001 -0.114467856624657E+002 -0.734821264129600E+003 -0.734821264129600E+003
 -0.192601583340591E+002  0.730529899466450E+002 -0.568888149123970E+000  0.220850810338845E+001 -0.114467856624657E+002 -0.734812544617182E+003 -0.734812544617182E+003
 -0.192588193155576E+002  0.730890637521122E+002 -0.571768326159237E+000  0.221567591876303E+001 -0.114467856624657E+002 -0.734826098836665E+003 -0.734826098836665E+003
 -0.192464338989743E+002  0.736153654717968E+002 -0.588585223644674E+000  0.231428860258520E+001 -0.114467856624657E+002 -0.734816155313019E+003 -0.734816155313019E+003
 -0.192539355345531E+002  0.732463881086475E+002 -0.571709917485905E+000  0.226718680748791E+001 -0.114467856624657E+002 -0.734806252924371E+003 -0.734806252924371E+003
 -0.192499323177568E+002  0.734151662590592E+002 -0.571180261555554E+000  0.225447616018718E+001 -0.114467856624657E+002 -0.734812714701349E+003 -0.734812714701349E+003
 -0.192486982934261E+002  0.735447851646239E+002 -0.592885236810444E+000  0.233956857305356E+001 -0.114467856624657E+002 -0.734802569667118E+003 -0.734802569667118E+003
 -0.192582719659909E+002  0.731060373580482E+002 -0.571064762450143E+000  0.222877501866062E+001 -0.114467856624657E+002 -0.734806909718997E+003 -0.734806909718997E+003
 -0.192553161313159E+002  0.732520475114407E+002 -0.576494295551267E+000  0.229233226180203E+001 -0.114467856624657E+002 -0.734810786217176E+003 -0.734810786217176E+003
 -0.192508901002854E+002  0.734210073014910E+002 -0.585351946194313E+000  0.228361610301381E+001 -0.114467856624657E+002 -0.734793744950226E+003 -0.734793744950226E+003
 -0.192548568476547E+002  0.732112934134807E+002 -0.561049898650597E+000  0.214904795052111E+001 -0.114467856624657E+002 -0.734806005767474E+003 -0.734806005767474E+003
 -0.192565395106401E+002  0.732280428188483E+002 -0.590118799760171E+000  0.231970881457435E+001 -0.114467856624657E+002 -0.734826714467973E+003 -0.734826714467973E+003
 -0.192579419614071E+002  0.732319956054301E+002 -0.589807429076194E+000  0.230902163046996E+001 -0.114467856624657E+002 -0.734796090865675E+003 -0.734796090865675E+003
 -0.192491415722076E+002  0.735180793741295E+002 -0.583402756633457E+000  0.228964677541259E+001 -0.114467856624657E+002 -0.734811988750403E+003 -0.734811988750403E+003
 -0.192510582040380E+002  0.734408266081571E+002 -0.585051130124224E+000  0.226056062779731E+001 -0.114467856624657E+002 -0.734795379104530E+003 -0.734795379104530E+003
 -0.192604254172182E+002  0.730921279353986E+002 -0.582096068095558E+000  0.225541751407591E+001 -0.114467856624657E+002 -0.734826147849591E+003 -0.734826147849591E+003
 -0.192541363687288E+002  0.733397105845887E+002 -0.583138897368068E+000  0.224912128224415E+001 -0.114467856624657E+002 -0.734789649735805E+003 -0.734789649735805E+003
 -0.192483164053905E+002  0.735689053958053E+002 -0.590621165977010E+000  0.233193757460227E+001 -0.114467856624657E+002 -0.734823617384263E+003 -0.734823617384263E+003
 -0.192521991008391E+002  0.733241631595263E+002 -0.560986511243449E+000  0.214766888057561E+001 -0.114467856624657E+002 -0.734809948474468E+003 -0.734809948474468E+003
 -0.192507585952237E+002  0.733964705973282E+002 -0.574308945852495E+000  0.221664485292886E+001 -0.114467856624657E+002 -0.734782514456297E+003 -0.734782514456297E+003
 -0.192539882704228E+002  0.732912801929635E+002 -0.580487412718071E+000  0.225503045955478E+001 -0.114467856624657E+002 -0.734799239011698E+003 -0.734799239011698E+003
 -0.192510976085452E+002  0.734265544894492E+002 -0.590519737290338E+000  0.237216849501165E+001 -0.114467856624657E+002 -0.734805247466094E+003 -0.734805247466094E+003
 -0.192543892263567E+002  0.732841607937815E+002 -0.579458690600768E+000  0.224105930326074E+001 -0.114467856624657E+002 -0.734794756536413E+003 -0.734794756536413E+003
 -0.192556525248349E+002  0.732245537427268E+002 -0.574955381164102E+000  0.227319224516691E+001 -0.114467856624657E+002 -0.734788063390276E+003 -0.734788063390276E+003
 -0.192550147632430E+002  0.733491615334061E+002 -0.589967203080045E+000  0.233153872237134E+001 -0.114467856624657E+002 -0.734826513369699E+003 -0.734826513369699E+003
 -0.192515701352955E+002  0.734037720486742E+002 -0.585772839538572E+000  0.231861237345306E+001 -0.114467856624657E+002 -0.734775611054356E+003 -0.734775611054356E+003
 -0.192553301659782E+002  0.733285107176353E+002 -0.596619760678292E+000  0.237120398623140E+001 -0.114467856624657E+002 -0.734796253443155E+003 -0.734796253443155E+003
 -0.192530322030953E+002  0.733576629351730E+002 -0.583611173618375E+000  0.225958486963015E+001 -0.114467856624657E+002 -0.734788586432246E+003 -0.734788586432246E+003
 -0.192554962751210E+002  0.731764989851917E+002 -0.567982803258387E+000  0.221037213374222E+001 -0.114467856624657E+002 -0.734821319536196E+003 -0.734821319536196E+003
 -0.192460280443272E+002  0.735349985956904E+002 -0.576684308332276E+000  0.228068774705111E+001 -0.114467856624657E+002 -0.734823306211810E+003 -0.734823306211810E+003
 -0.192560354767260E+002  0.731615704399565E+002 -0.565779346655330E+000  0.221836566822938E+001 -0.114467856624657E+002 -0.734810476076149E+003 -0.734810476076149E+003
 -0.192515715153779E+002  0.734346760697141E+002 -0.583366953335584E+000  0.226516229784133E+001 -0.114467856624657E+002 -0.734787701337725E+003 -0.734787701337725E+003
 -0.192523760463569E+002  0.733834637052703E+002 -0.584805159653478E+000  0.226283762051853E+001 -0.114467856624657E+002 -0.734796441303447E+003 -0.734796441303447E+003
 -0.192604383929460E+002  0.731170027547307E+002 -0.591524803695717E+000  0.233383128286920E+001 -0.114467856624657E+002 -0.734818265758879E+003 -0.734818265758879E+003
 -0.192499990877464E+002  0.734199331096600E+002 -0.586228739874685E+000  0.234117371484477E+001 -0.114467856624657E+002 -0.734820261603415E+003 -0.734820261603415E+003
 -0.192544054828380E+002  0.732505379164110E+002 -0.574565734821912E+000  0.227037381390486E+001 -0.114467856624657E+002 -0.734786403560233E+003 -0.734786403560233E+003
 -0.192525634075604E+002  0.733976247924893E+002 -0.597796506426958E+000  0.240880657721052E+001 -0.114467856624657E+002 -0.734815921224153E+003 -0.734815921224153E+003
 -0.192522580492847E+002  0.733509216886047E+002 -0.578744872269489E+000  0.228238485540886E+001 -0.114467856624657E+002 -0.734773043132251E+003 -0.734773043132251E+003
 -0.192539577533755E+002  0.733342672031478E+002 -0.586316530252563E+000  0.232633392224016E+001 -0.114467856624657E+002 -0.734778945675093E+003 -0.734778945675093E+003
 -0.192540031066033E+002  0.732616163747913E+002 -0.570420211474144E+000  0.225783170775316E+001 -0.114467856624657E+002 -0.734806635376752E+003 -0.734806635376752E+003
 -0.192490811195186E+002  0.735222070363630E+002 -0.590657285448114E+000  0.236314022957430E+001 -0.114467856624657E+002 -0.734825848984587E+003 -0.734825848984587E+003
 -0.192556804614396E+002  0.732549146956414E+002 -0.583449218504900E+000  0.226472513911512E+001 -0.114467856624657E+002 -0.734798667477801E+003 -0.734798667477801E+003
 -0.192501256111419E+002  0.734697111431655E+002 -0.579379618455626E+000  0.224846980444698E+001 -0.114467856624657E+002 -0.734791503890854E+003 -0.734791503890854E+003
 -0.192541944808812E+002  0.733674314873788E+002 -0.590580054460694E+000  0.233030537654296E+001 -0.114467856624657E+002 -0.734798198634841E+003 -0.734798198634841E+003
 -0.192555105408964E+002  0.732285222506134E+002 -0.570298984893334E+000  0.220600063435789E+001 -0.114467856624657E+002 -0.734779876030356E+003 -0.734779876030356E+003
 -0.192592402288172E+002  0.731932469391248E+002 -0.590820147063605E+000  0.234097966466340E+001 -0.114467856624657E+002 -0.734816511036623E+003 -0.734816511036623E+003
 -0.192529162808721E+002  0.733092596849742E+002 -0.566412204951574E+000  0.220365431724980E+001 -0.114467856624657E+002 -0.734798872087091E+003 -0.734798872087091E+003
 -0.192539106881202E+002  0.732805649736110E+002 -0.578206461199278E+000  0.226347291087327E+001 -0.114467856624657E+002 -0.734783903071419E+003 -0.734783903071419E+003
 -0.192603139625979E+002  0.730992739540512E+002 -0.577839210212041E+000  0.222965096157805E+001 -0.114467856624657E+002 -0.734810795308701E+003 -0.734810795308701E+003
 -0.192562871061922E+002  0.732980167568675E+002 -0.600861518816058E+000  0.239584020287660E+001 -0.114467856624657E+002 -0.734814085015927E+003 -0.734814085015927E+003
 -0.192472107917487E+002  0.734990217556240E+002 -0.579689385284008E+000  0.229203733947163E+001 -0.114467856624657E+002 -0.734820366815284E+003 -0.734820366815284E+003
 -0.192595947747920E+002  0.731155459419208E+002 -0.589774509787727E+000  0.234605638883328E+001 -0.114467856624657E+002 -0.734827863109449E+003 -0.734827863109449E+003
